 === NP Ecosistem model integration =====================
  time            phytoplankton   nitrate         total_N
  0.100000001       2.98499991E-03   1.50000005E-05   3.00000003E-03
  0.200000003       2.97013763E-03   2.98623236E-05   3.00000003E-03
  0.300000012       2.95541110E-03   4.45888763E-05   3.00000003E-03
  0.400000006       2.94081843E-03   5.91815260E-05   3.00000003E-03
  0.500000000       2.92635779E-03   7.36421061E-05   2.99999979E-03
  0.600000024       2.91202753E-03   8.79724103E-05   3.00000003E-03
  0.699999988       2.89782579E-03   1.02174214E-04   3.00000003E-03
  0.800000012       2.88375071E-03   1.16249248E-04   3.00000003E-03
  0.900000036       2.86980066E-03   1.30199216E-04   2.99999979E-03
   1.00000000       2.85597402E-03   1.44025791E-04   2.99999979E-03
   1.10000002       2.84226914E-03   1.57730625E-04   2.99999979E-03
   1.20000005       2.82868440E-03   1.71315318E-04   2.99999979E-03
   1.30000007       2.81521818E-03   1.84781471E-04   2.99999956E-03
   1.39999998       2.80186906E-03   1.98130627E-04   2.99999979E-03
   1.50000000       2.78863544E-03   2.11364313E-04   2.99999979E-03
   1.60000002       2.77551566E-03   2.24484043E-04   2.99999979E-03
   1.70000005       2.76250835E-03   2.37491287E-04   2.99999956E-03
   1.80000007       2.74961209E-03   2.50387500E-04   2.99999956E-03
   1.89999998       2.73682550E-03   2.63174123E-04   2.99999956E-03
   2.00000000       2.72414717E-03   2.75852537E-04   2.99999979E-03
   2.10000014       2.71157548E-03   2.88424111E-04   2.99999956E-03
   2.20000005       2.69910926E-03   3.00890213E-04   2.99999956E-03
   2.29999995       2.68674735E-03   3.13252182E-04   2.99999956E-03
   2.40000010       2.67448812E-03   3.25511326E-04   2.99999956E-03
   2.50000000       2.66233063E-03   3.37668927E-04   2.99999956E-03
   2.60000014       2.65027327E-03   3.49726237E-04   2.99999956E-03
   2.70000005       2.63831508E-03   3.61684506E-04   2.99999956E-03
   2.79999995       2.62645469E-03   3.73544957E-04   2.99999956E-03
   2.90000010       2.61469092E-03   3.85308813E-04   2.99999979E-03
   3.00000000       2.60302261E-03   3.96977237E-04   2.99999979E-03
   3.10000014       2.59144837E-03   4.08551394E-04   2.99999979E-03
   3.20000005       2.57996726E-03   4.20032418E-04   2.99999956E-03
   3.29999995       2.56857811E-03   4.31421475E-04   2.99999956E-03
   3.40000010       2.55728001E-03   4.42719640E-04   2.99999956E-03
   3.50000000       2.54607154E-03   4.53927991E-04   2.99999956E-03
   3.60000014       2.53495201E-03   4.65047633E-04   2.99999956E-03
   3.70000005       2.52392003E-03   4.76079615E-04   2.99999956E-03
   3.79999995       2.51297466E-03   4.87024954E-04   2.99999956E-03
   3.90000010       2.50211498E-03   4.97884699E-04   2.99999956E-03
   4.00000000       2.49133981E-03   5.08659869E-04   2.99999956E-03
   4.09999990       2.48064823E-03   5.19351393E-04   2.99999956E-03
   4.20000029       2.47003930E-03   5.29960322E-04   2.99999956E-03
   4.30000019       2.45951209E-03   5.40487526E-04   2.99999956E-03
   4.40000010       2.44906568E-03   5.50933997E-04   2.99999956E-03
   4.50000000       2.43869890E-03   5.61300665E-04   2.99999956E-03
   4.59999990       2.42841104E-03   5.71588462E-04   2.99999956E-03
   4.70000029       2.41820118E-03   5.81798260E-04   2.99999956E-03
   4.80000019       2.40806839E-03   5.91930992E-04   2.99999933E-03
   4.90000010       2.39801197E-03   6.01987529E-04   2.99999956E-03
   5.00000000       2.38803076E-03   6.11968688E-04   2.99999956E-03
   5.09999990       2.37812405E-03   6.21875341E-04   2.99999933E-03
   5.20000029       2.36829114E-03   6.31708303E-04   2.99999956E-03
   5.30000019       2.35853111E-03   6.41468388E-04   2.99999956E-03
   5.40000010       2.34884303E-03   6.51156472E-04   2.99999956E-03
   5.50000000       2.33922619E-03   6.60773308E-04   2.99999956E-03
   5.59999990       2.32967990E-03   6.70319656E-04   2.99999956E-03
   5.70000029       2.32020323E-03   6.79796329E-04   2.99999956E-03
   5.80000019       2.31079548E-03   6.89204084E-04   2.99999956E-03
   5.90000010       2.30145594E-03   6.98543678E-04   2.99999956E-03
   6.00000000       2.29218369E-03   7.07815809E-04   2.99999956E-03
   6.09999990       2.28297827E-03   7.17021292E-04   2.99999956E-03
   6.20000029       2.27383873E-03   7.26160768E-04   2.99999956E-03
   6.30000019       2.26476463E-03   7.35234993E-04   2.99999956E-03
   6.40000010       2.25575501E-03   7.44244666E-04   2.99999956E-03
   6.50000000       2.24680919E-03   7.53190427E-04   2.99999956E-03
   6.59999990       2.23792670E-03   7.62072974E-04   2.99999956E-03
   6.70000029       2.22910661E-03   7.70893006E-04   2.99999956E-03
   6.80000019       2.22034846E-03   7.79651164E-04   2.99999956E-03
   6.90000010       2.21165153E-03   7.88348145E-04   2.99999956E-03
   7.00000000       2.20301514E-03   7.96984532E-04   2.99999956E-03
   7.09999990       2.19443860E-03   8.05560965E-04   2.99999956E-03
   7.20000029       2.18592142E-03   8.14078085E-04   2.99999956E-03
   7.30000019       2.17746291E-03   8.22536473E-04   2.99999933E-03
   7.40000010       2.16906262E-03   8.30936769E-04   2.99999933E-03
   7.50000000       2.16071983E-03   8.39279557E-04   2.99999933E-03
   7.59999990       2.15243385E-03   8.47565476E-04   2.99999933E-03
   7.70000029       2.14420422E-03   8.55795050E-04   2.99999933E-03
   7.80000019       2.13603047E-03   8.63968860E-04   2.99999933E-03
   7.90000010       2.12791190E-03   8.72087490E-04   2.99999933E-03
   8.00000000       2.11984781E-03   8.80151521E-04   2.99999933E-03
   8.10000038       2.11183797E-03   8.88161478E-04   2.99999956E-03
   8.19999981       2.10388168E-03   8.96117883E-04   2.99999956E-03
   8.30000019       2.09597824E-03   9.04021261E-04   2.99999956E-03
   8.40000057       2.08812742E-03   9.11872194E-04   2.99999956E-03
   8.50000000       2.08032853E-03   9.19671147E-04   2.99999956E-03
   8.60000038       2.07258109E-03   9.27418703E-04   2.99999979E-03
   8.69999981       2.06488441E-03   9.35115328E-04   2.99999979E-03
   8.80000019       2.05723825E-03   9.42761544E-04   2.99999979E-03
   8.90000057       2.04964192E-03   9.50357819E-04   2.99999979E-03
   9.00000000       2.04209518E-03   9.57904675E-04   2.99999979E-03
   9.10000038       2.03459733E-03   9.65402578E-04   3.00000003E-03
   9.19999981       2.02714792E-03   9.72851994E-04   3.00000003E-03
   9.30000019       2.01974646E-03   9.80253331E-04   2.99999979E-03
   9.40000057       2.01239274E-03   9.87607171E-04   3.00000003E-03
   9.50000000       2.00508605E-03   9.94913862E-04   3.00000003E-03
   9.60000038       1.99782592E-03   1.00217399E-03   3.00000003E-03
   9.69999981       1.99061213E-03   1.00938790E-03   3.00000003E-03
   9.80000019       1.98344397E-03   1.01655605E-03   3.00000003E-03
   9.90000057       1.97632122E-03   1.02367892E-03   3.00000003E-03
   10.0000000       1.96924317E-03   1.03075686E-03   3.00000003E-03
   10.1000004       1.96220959E-03   1.03779032E-03   3.00000003E-03
   10.1999998       1.95522024E-03   1.04477978E-03   3.00000003E-03
   10.3000002       1.94827444E-03   1.05172559E-03   3.00000003E-03
   10.4000006       1.94137183E-03   1.05862820E-03   3.00000003E-03
   10.5000000       1.93451205E-03   1.06548797E-03   3.00000003E-03
   10.6000004       1.92769477E-03   1.07230525E-03   3.00000003E-03
   10.6999998       1.92091952E-03   1.07908051E-03   3.00000003E-03
   10.8000002       1.91418594E-03   1.08581409E-03   3.00000003E-03
   10.9000006       1.90749357E-03   1.09250646E-03   3.00000003E-03
   11.0000000       1.90084206E-03   1.09915796E-03   3.00000003E-03
   11.1000004       1.89423107E-03   1.10576896E-03   3.00000003E-03
   11.1999998       1.88766024E-03   1.11233979E-03   3.00000003E-03
   11.3000002       1.88112922E-03   1.11887080E-03   3.00000003E-03
   11.4000006       1.87463756E-03   1.12536247E-03   3.00000003E-03
   11.5000000       1.86818501E-03   1.13181502E-03   3.00000003E-03
   11.6000004       1.86177122E-03   1.13822881E-03   3.00000003E-03
   11.6999998       1.85539573E-03   1.14460429E-03   3.00000003E-03
   11.8000002       1.84905832E-03   1.15094171E-03   3.00000003E-03
   11.9000006       1.84275850E-03   1.15724152E-03   3.00000003E-03
   12.0000000       1.83649606E-03   1.16350397E-03   3.00000003E-03
   12.1000004       1.83027063E-03   1.16972940E-03   3.00000003E-03
   12.1999998       1.82408188E-03   1.17591815E-03   3.00000003E-03
   12.3000002       1.81792956E-03   1.18207047E-03   3.00000003E-03
   12.4000006       1.81181321E-03   1.18818681E-03   3.00000003E-03
   12.5000000       1.80573261E-03   1.19426742E-03   3.00000003E-03
   12.6000004       1.79968751E-03   1.20031252E-03   3.00000003E-03
   12.6999998       1.79367745E-03   1.20632257E-03   3.00000003E-03
   12.8000002       1.78770220E-03   1.21229782E-03   3.00000003E-03
   12.9000006       1.78176141E-03   1.21823861E-03   3.00000003E-03
   13.0000000       1.77585485E-03   1.22414518E-03   3.00000003E-03
   13.1000004       1.76998228E-03   1.23001775E-03   3.00000003E-03
   13.1999998       1.76414324E-03   1.23585679E-03   3.00000003E-03
   13.3000002       1.75833760E-03   1.24166242E-03   3.00000003E-03
   13.4000006       1.75256503E-03   1.24743499E-03   3.00000003E-03
   13.5000000       1.74682518E-03   1.25317485E-03   3.00000003E-03
   13.6000004       1.74111780E-03   1.25888223E-03   3.00000003E-03
   13.6999998       1.73544267E-03   1.26455736E-03   3.00000003E-03
   13.8000002       1.72979943E-03   1.27020059E-03   3.00000003E-03
   13.9000006       1.72418787E-03   1.27581216E-03   3.00000003E-03
   14.0000000       1.71860773E-03   1.28139229E-03   3.00000003E-03
   14.1000004       1.71305879E-03   1.28694123E-03   3.00000003E-03
   14.1999998       1.70754071E-03   1.29245932E-03   3.00000003E-03
   14.3000002       1.70205324E-03   1.29794679E-03   3.00000003E-03
   14.4000006       1.69659615E-03   1.30340387E-03   3.00000003E-03
   14.5000000       1.69116922E-03   1.30883080E-03   3.00000003E-03
   14.6000004       1.68577221E-03   1.31422782E-03   3.00000003E-03
   14.6999998       1.68040476E-03   1.31959526E-03   3.00000003E-03
   14.8000002       1.67506677E-03   1.32493326E-03   3.00000003E-03
   14.9000006       1.66975788E-03   1.33024214E-03   3.00000003E-03
   15.0000000       1.66447798E-03   1.33552204E-03   3.00000003E-03
   15.1000004       1.65922672E-03   1.34077331E-03   3.00000003E-03
   15.1999998       1.65400386E-03   1.34599616E-03   3.00000003E-03
   15.3000002       1.64880930E-03   1.35119073E-03   3.00000003E-03
   15.4000006       1.64364267E-03   1.35635736E-03   3.00000003E-03
   15.5000000       1.63850375E-03   1.36149628E-03   3.00000003E-03
   15.6000004       1.63339241E-03   1.36660761E-03   3.00000003E-03
   15.6999998       1.62830844E-03   1.37169159E-03   3.00000003E-03
   15.8000002       1.62325159E-03   1.37674843E-03   3.00000003E-03
   15.9000006       1.61822152E-03   1.38177851E-03   3.00000003E-03
   16.0000000       1.61321822E-03   1.38678181E-03   3.00000003E-03
   16.1000004       1.60824135E-03   1.39175868E-03   3.00000003E-03
   16.2000008       1.60329067E-03   1.39670935E-03   3.00000003E-03
   16.3000011       1.59836607E-03   1.40163396E-03   3.00000003E-03
   16.3999996       1.59346731E-03   1.40653271E-03   3.00000003E-03
   16.5000000       1.58859417E-03   1.41140586E-03   3.00000003E-03
   16.6000004       1.58374652E-03   1.41625351E-03   3.00000003E-03
   16.7000008       1.57892413E-03   1.42107590E-03   3.00000003E-03
   16.8000011       1.57412677E-03   1.42587326E-03   3.00000003E-03
   16.8999996       1.56935432E-03   1.43064570E-03   3.00000003E-03
   17.0000000       1.56460644E-03   1.43539358E-03   3.00000003E-03
   17.1000004       1.55988312E-03   1.44011690E-03   3.00000003E-03
   17.2000008       1.55518402E-03   1.44481601E-03   3.00000003E-03
   17.3000011       1.55050901E-03   1.44949101E-03   3.00000003E-03
   17.3999996       1.54585799E-03   1.45414204E-03   3.00000003E-03
   17.5000000       1.54123059E-03   1.45876943E-03   3.00000003E-03
   17.6000004       1.53662683E-03   1.46337319E-03   3.00000003E-03
   17.7000008       1.53204647E-03   1.46795355E-03   3.00000003E-03
   17.8000011       1.52748928E-03   1.47251075E-03   3.00000003E-03
   17.8999996       1.52295514E-03   1.47704489E-03   3.00000003E-03
   18.0000000       1.51844381E-03   1.48155622E-03   3.00000003E-03
   18.1000004       1.51395518E-03   1.48604484E-03   3.00000003E-03
   18.2000008       1.50948903E-03   1.49051100E-03   3.00000003E-03
   18.3000011       1.50504522E-03   1.49495481E-03   3.00000003E-03
   18.3999996       1.50062353E-03   1.49937649E-03   3.00000003E-03
   18.5000000       1.49622385E-03   1.50377618E-03   3.00000003E-03
   18.6000004       1.49184605E-03   1.50815398E-03   3.00000003E-03
   18.7000008       1.48748991E-03   1.51251012E-03   3.00000003E-03
   18.8000011       1.48315530E-03   1.51684473E-03   3.00000003E-03
   18.8999996       1.47884211E-03   1.52115792E-03   3.00000003E-03
   19.0000000       1.47455011E-03   1.52544992E-03   3.00000003E-03
   19.1000004       1.47027918E-03   1.52972084E-03   3.00000003E-03
   19.2000008       1.46602909E-03   1.53397094E-03   3.00000003E-03
   19.3000011       1.46179972E-03   1.53820030E-03   3.00000003E-03
   19.3999996       1.45759096E-03   1.54240907E-03   3.00000003E-03
   19.5000000       1.45340269E-03   1.54659734E-03   3.00000003E-03
   19.6000004       1.44923467E-03   1.55076536E-03   3.00000003E-03
   19.7000008       1.44508679E-03   1.55491324E-03   3.00000003E-03
   19.8000011       1.44095893E-03   1.55904109E-03   3.00000003E-03
   19.8999996       1.43685099E-03   1.56314904E-03   3.00000003E-03
   20.0000000       1.43276271E-03   1.56723731E-03   3.00000003E-03
   20.1000004       1.42869412E-03   1.57130591E-03   3.00000003E-03
   20.2000008       1.42464496E-03   1.57535507E-03   3.00000003E-03
   20.3000011       1.42061501E-03   1.57938502E-03   3.00000003E-03
   20.3999996       1.41660427E-03   1.58339576E-03   3.00000003E-03
   20.5000000       1.41261262E-03   1.58738741E-03   3.00000003E-03
   20.6000004       1.40863983E-03   1.59136020E-03   3.00000003E-03
   20.7000008       1.40468578E-03   1.59531424E-03   3.00000003E-03
   20.8000011       1.40075036E-03   1.59924966E-03   3.00000003E-03
   20.8999996       1.39683345E-03   1.60316657E-03   3.00000003E-03
   21.0000000       1.39293494E-03   1.60706509E-03   3.00000003E-03
   21.1000004       1.38905470E-03   1.61094533E-03   3.00000003E-03
   21.2000008       1.38519250E-03   1.61480752E-03   3.00000003E-03
   21.3000011       1.38134835E-03   1.61865167E-03   3.00000003E-03
   21.3999996       1.37752201E-03   1.62247801E-03   3.00000003E-03
   21.5000000       1.37371349E-03   1.62628654E-03   3.00000003E-03
   21.6000004       1.36992254E-03   1.63007749E-03   3.00000003E-03
   21.7000008       1.36614905E-03   1.63385097E-03   3.00000003E-03
   21.8000011       1.36239303E-03   1.63760700E-03   3.00000003E-03
   21.8999996       1.35865423E-03   1.64134579E-03   3.00000003E-03
   22.0000000       1.35493255E-03   1.64506747E-03   3.00000003E-03
   22.1000004       1.35122787E-03   1.64877216E-03   3.00000003E-03
   22.2000008       1.34754018E-03   1.65245985E-03   3.00000003E-03
   22.3000011       1.34386925E-03   1.65613077E-03   3.00000003E-03
   22.3999996       1.34021498E-03   1.65978505E-03   3.00000003E-03
   22.5000000       1.33657735E-03   1.66342268E-03   3.00000003E-03
   22.6000004       1.33295613E-03   1.66704389E-03   3.00000003E-03
   22.7000008       1.32935133E-03   1.67064869E-03   3.00000003E-03
   22.8000011       1.32576271E-03   1.67423731E-03   3.00000003E-03
   22.8999996       1.32219028E-03   1.67780975E-03   3.00000003E-03
   23.0000000       1.31863379E-03   1.68136624E-03   3.00000003E-03
   23.1000004       1.31509325E-03   1.68490678E-03   3.00000003E-03
   23.2000008       1.31156854E-03   1.68843148E-03   3.00000003E-03
   23.3000011       1.30805955E-03   1.69194047E-03   3.00000003E-03
   23.3999996       1.30456616E-03   1.69543386E-03   3.00000003E-03
   23.5000000       1.30108825E-03   1.69891177E-03   3.00000003E-03
   23.6000004       1.29762571E-03   1.70237431E-03   3.00000003E-03
   23.7000008       1.29417842E-03   1.70582160E-03   3.00000003E-03
   23.8000011       1.29074638E-03   1.70925364E-03   3.00000003E-03
   23.8999996       1.28732948E-03   1.71267055E-03   3.00000003E-03
   24.0000000       1.28392759E-03   1.71607244E-03   3.00000003E-03
   24.1000004       1.28054060E-03   1.71945943E-03   3.00000003E-03
   24.2000008       1.27716840E-03   1.72283163E-03   3.00000003E-03
   24.3000011       1.27381086E-03   1.72618916E-03   3.00000003E-03
   24.3999996       1.27046800E-03   1.72953203E-03   3.00000003E-03
   24.5000000       1.26713957E-03   1.73286046E-03   3.00000003E-03
   24.6000004       1.26382557E-03   1.73617445E-03   3.00000003E-03
   24.7000008       1.26052590E-03   1.73947413E-03   3.00000003E-03
   24.8000011       1.25724054E-03   1.74275949E-03   3.00000003E-03
   24.8999996       1.25396927E-03   1.74603076E-03   3.00000003E-03
   25.0000000       1.25071208E-03   1.74928794E-03   3.00000003E-03
   25.1000004       1.24746887E-03   1.75253116E-03   3.00000003E-03
   25.2000008       1.24423951E-03   1.75576052E-03   3.00000003E-03
   25.3000011       1.24102400E-03   1.75897602E-03   3.00000003E-03
   25.3999996       1.23782211E-03   1.76217791E-03   3.00000003E-03
   25.5000000       1.23463385E-03   1.76536618E-03   3.00000003E-03
   25.6000004       1.23145920E-03   1.76854082E-03   3.00000003E-03
   25.7000008       1.22829794E-03   1.77170208E-03   3.00000003E-03
   25.8000011       1.22515007E-03   1.77484995E-03   3.00000003E-03
   25.8999996       1.22201547E-03   1.77798455E-03   3.00000003E-03
   26.0000000       1.21889403E-03   1.78110600E-03   3.00000003E-03
   26.1000004       1.21578574E-03   1.78421428E-03   3.00000003E-03
   26.2000008       1.21269049E-03   1.78730953E-03   3.00000003E-03
   26.3000011       1.20960816E-03   1.79039186E-03   3.00000003E-03
   26.3999996       1.20653876E-03   1.79346127E-03   3.00000003E-03
   26.5000000       1.20348216E-03   1.79651787E-03   3.00000003E-03
   26.6000004       1.20043824E-03   1.79956178E-03   3.00000003E-03
   26.7000008       1.19740691E-03   1.80259312E-03   3.00000003E-03
   26.8000011       1.19438814E-03   1.80561189E-03   3.00000003E-03
   26.8999996       1.19138195E-03   1.80861808E-03   3.00000003E-03
   27.0000000       1.18838809E-03   1.81161193E-03   3.00000003E-03
   27.1000004       1.18540658E-03   1.81459344E-03   3.00000003E-03
   27.2000008       1.18243729E-03   1.81756273E-03   3.00000003E-03
   27.3000011       1.17948023E-03   1.82051980E-03   3.00000003E-03
   27.3999996       1.17653527E-03   1.82346476E-03   3.00000003E-03
   27.5000000       1.17360230E-03   1.82639773E-03   3.00000003E-03
   27.6000004       1.17068132E-03   1.82931870E-03   3.00000003E-03
   27.7000008       1.16777222E-03   1.83222780E-03   3.00000003E-03
   27.8000011       1.16487499E-03   1.83512503E-03   3.00000003E-03
   27.8999996       1.16198941E-03   1.83801062E-03   3.00000003E-03
   28.0000000       1.15911558E-03   1.84088445E-03   3.00000003E-03
   28.1000004       1.15625327E-03   1.84374675E-03   3.00000003E-03
   28.2000008       1.15340250E-03   1.84659753E-03   3.00000003E-03
   28.3000011       1.15056324E-03   1.84943678E-03   3.00000003E-03
   28.3999996       1.14773540E-03   1.85226463E-03   3.00000003E-03
   28.5000000       1.14491885E-03   1.85508118E-03   3.00000003E-03
   28.6000004       1.14211359E-03   1.85788644E-03   3.00000003E-03
   28.7000008       1.13931950E-03   1.86068052E-03   3.00000003E-03
   28.8000011       1.13653659E-03   1.86346343E-03   3.00000003E-03
   28.8999996       1.13376474E-03   1.86623528E-03   3.00000003E-03
   29.0000000       1.13100384E-03   1.86899619E-03   3.00000003E-03
   29.1000004       1.12825388E-03   1.87174615E-03   3.00000003E-03
   29.2000008       1.12551486E-03   1.87448517E-03   3.00000003E-03
   29.3000011       1.12278655E-03   1.87721348E-03   3.00000003E-03
   29.3999996       1.12006906E-03   1.87993096E-03   3.00000003E-03
   29.5000000       1.11736229E-03   1.88263773E-03   3.00000003E-03
   29.6000004       1.11466611E-03   1.88533391E-03   3.00000003E-03
   29.7000008       1.11198041E-03   1.88801961E-03   3.00000003E-03
   29.8000011       1.10930530E-03   1.89069472E-03   3.00000003E-03
   29.8999996       1.10664056E-03   1.89335947E-03   3.00000003E-03
   30.0000000       1.10398617E-03   1.89601386E-03   3.00000003E-03
   30.1000004       1.10134215E-03   1.89865788E-03   3.00000003E-03
   30.2000008       1.09870837E-03   1.90129166E-03   3.00000003E-03
   30.3000011       1.09608483E-03   1.90391520E-03   3.00000003E-03
   30.3999996       1.09347142E-03   1.90652860E-03   3.00000003E-03
   30.5000000       1.09086814E-03   1.90913188E-03   3.00000003E-03
   30.6000004       1.08827488E-03   1.91172515E-03   3.00000003E-03
   30.7000008       1.08569150E-03   1.91430852E-03   3.00000003E-03
   30.8000011       1.08311803E-03   1.91688200E-03   3.00000003E-03
   30.8999996       1.08055444E-03   1.91944558E-03   3.00000003E-03
   31.0000000       1.07800064E-03   1.92199938E-03   3.00000003E-03
   31.1000004       1.07545662E-03   1.92454341E-03   3.00000003E-03
   31.2000008       1.07292226E-03   1.92707777E-03   3.00000003E-03
   31.3000011       1.07039756E-03   1.92960247E-03   3.00000003E-03
   31.3999996       1.06788240E-03   1.93211762E-03   3.00000003E-03
   31.5000000       1.06537680E-03   1.93462323E-03   3.00000003E-03
   31.6000004       1.06288074E-03   1.93711929E-03   3.00000003E-03
   31.7000008       1.06039410E-03   1.93960592E-03   3.00000003E-03
   31.8000011       1.05791679E-03   1.94208324E-03   3.00000003E-03
   31.8999996       1.05544878E-03   1.94455124E-03   3.00000003E-03
   32.0000000       1.05299009E-03   1.94700994E-03   3.00000003E-03
   32.1000023       1.05054060E-03   1.94945943E-03   3.00000003E-03
   32.2000008       1.04810030E-03   1.95189973E-03   3.00000003E-03
   32.2999992       1.04566908E-03   1.95433106E-03   3.00000003E-03
   32.4000015       1.04324694E-03   1.95675320E-03   3.00000003E-03
   32.5000000       1.04083377E-03   1.95916626E-03   3.00000003E-03
   32.6000023       1.03842956E-03   1.96157047E-03   3.00000003E-03
   32.7000008       1.03603431E-03   1.96396583E-03   3.00000003E-03
   32.7999992       1.03364792E-03   1.96635234E-03   3.00000026E-03
   32.9000015       1.03127037E-03   1.96873001E-03   3.00000049E-03
   33.0000000       1.02890155E-03   1.97109883E-03   3.00000049E-03
   33.1000023       1.02654146E-03   1.97345903E-03   3.00000049E-03
   33.2000008       1.02418999E-03   1.97581039E-03   3.00000049E-03
   33.2999992       1.02184725E-03   1.97815313E-03   3.00000049E-03
   33.4000015       1.01951300E-03   1.98048726E-03   3.00000026E-03
   33.5000000       1.01718737E-03   1.98281300E-03   3.00000049E-03
   33.6000023       1.01487024E-03   1.98513013E-03   3.00000049E-03
   33.7000008       1.01256149E-03   1.98743888E-03   3.00000049E-03
   33.7999992       1.01026113E-03   1.98973925E-03   3.00000049E-03
   33.9000015       1.00796914E-03   1.99203123E-03   3.00000049E-03
   34.0000000       1.00568542E-03   1.99431484E-03   3.00000026E-03
   34.1000023       1.00340997E-03   1.99659029E-03   3.00000026E-03
   34.2000008       1.00114278E-03   1.99885760E-03   3.00000049E-03
   34.2999992       9.98883741E-04   2.00111652E-03   3.00000026E-03
   34.4000015       9.96632851E-04   2.00336729E-03   3.00000003E-03
   34.5000000       9.94390110E-04   2.00561015E-03   3.00000026E-03
   34.6000023       9.92155401E-04   2.00784486E-03   3.00000026E-03
   34.7000008       9.89928609E-04   2.01007165E-03   3.00000026E-03
   34.7999992       9.87709849E-04   2.01229053E-03   3.00000049E-03
   34.9000015       9.85499006E-04   2.01450149E-03   3.00000049E-03
   35.0000000       9.83296079E-04   2.01670453E-03   3.00000049E-03
   35.1000023       9.81100951E-04   2.01889966E-03   3.00000049E-03
   35.2000008       9.78913624E-04   2.02108710E-03   3.00000072E-03
   35.2999992       9.76734096E-04   2.02326663E-03   3.00000072E-03
   35.4000015       9.74562252E-04   2.02543847E-03   3.00000072E-03
   35.5000000       9.72398033E-04   2.02760263E-03   3.00000072E-03
   35.6000023       9.70241497E-04   2.02975911E-03   3.00000049E-03
   35.7000008       9.68092529E-04   2.03190814E-03   3.00000072E-03
   35.7999992       9.65951127E-04   2.03404948E-03   3.00000049E-03
   35.9000015       9.63817234E-04   2.03618337E-03   3.00000049E-03
   36.0000000       9.61690850E-04   2.03830982E-03   3.00000072E-03
   36.1000023       9.59571917E-04   2.04042881E-03   3.00000072E-03
   36.2000008       9.57460376E-04   2.04254035E-03   3.00000072E-03
   36.2999992       9.55356169E-04   2.04464444E-03   3.00000049E-03
   36.4000015       9.53259296E-04   2.04674131E-03   3.00000049E-03
   36.5000000       9.51169699E-04   2.04883097E-03   3.00000072E-03
   36.6000023       9.49087378E-04   2.05091340E-03   3.00000072E-03
   36.7000008       9.47012275E-04   2.05298862E-03   3.00000096E-03
   36.7999992       9.44944331E-04   2.05505663E-03   3.00000096E-03
   36.9000015       9.42883547E-04   2.05711741E-03   3.00000096E-03
   37.0000000       9.40829865E-04   2.05917098E-03   3.00000096E-03
   37.1000023       9.38783225E-04   2.06121756E-03   3.00000072E-03
   37.2000008       9.36743629E-04   2.06325715E-03   3.00000072E-03
   37.2999992       9.34711075E-04   2.06528977E-03   3.00000096E-03
   37.4000015       9.32685449E-04   2.06731539E-03   3.00000096E-03
   37.5000000       9.30666749E-04   2.06933403E-03   3.00000072E-03
   37.6000023       9.28654976E-04   2.07134592E-03   3.00000096E-03
   37.7000008       9.26650071E-04   2.07335083E-03   3.00000096E-03
   37.7999992       9.24651977E-04   2.07534898E-03   3.00000096E-03
   37.9000015       9.22660634E-04   2.07734038E-03   3.00000096E-03
   38.0000000       9.20676102E-04   2.07932503E-03   3.00000119E-03
   38.1000023       9.18698264E-04   2.08130293E-03   3.00000119E-03
   38.2000008       9.16727120E-04   2.08327407E-03   3.00000119E-03
   38.2999992       9.14762612E-04   2.08523846E-03   3.00000096E-03
   38.4000015       9.12804739E-04   2.08719634E-03   3.00000096E-03
   38.5000000       9.10853443E-04   2.08914769E-03   3.00000119E-03
   38.6000023       9.08908725E-04   2.09109229E-03   3.00000096E-03
   38.7000008       9.06970527E-04   2.09303037E-03   3.00000096E-03
   38.7999992       9.05038847E-04   2.09496217E-03   3.00000096E-03
   38.9000015       9.03113629E-04   2.09688745E-03   3.00000096E-03
   39.0000000       9.01194813E-04   2.09880620E-03   3.00000096E-03
   39.1000023       8.99282400E-04   2.10071867E-03   3.00000096E-03
   39.2000008       8.97376391E-04   2.10262462E-03   3.00000096E-03
   39.2999992       8.95476667E-04   2.10452429E-03   3.00000096E-03
   39.4000015       8.93583288E-04   2.10641767E-03   3.00000096E-03
   39.5000000       8.91696196E-04   2.10830476E-03   3.00000096E-03
   39.6000023       8.89815332E-04   2.11018557E-03   3.00000096E-03
   39.7000008       8.87940696E-04   2.11206032E-03   3.00000096E-03
   39.7999992       8.86072230E-04   2.11392879E-03   3.00000096E-03
   39.9000015       8.84209934E-04   2.11579120E-03   3.00000119E-03
   40.0000000       8.82353750E-04   2.11764732E-03   3.00000096E-03
   40.1000023       8.80503678E-04   2.11949740E-03   3.00000096E-03
   40.2000008       8.78659659E-04   2.12134141E-03   3.00000096E-03
   40.2999992       8.76821694E-04   2.12317938E-03   3.00000096E-03
   40.4000015       8.74989724E-04   2.12501129E-03   3.00000096E-03
   40.5000000       8.73163692E-04   2.12683738E-03   3.00000096E-03
   40.6000023       8.71343655E-04   2.12865742E-03   3.00000096E-03
   40.7000008       8.69529496E-04   2.13047164E-03   3.00000119E-03
   40.7999992       8.67721275E-04   2.13227980E-03   3.00000096E-03
   40.9000015       8.65918875E-04   2.13408214E-03   3.00000096E-03
   41.0000000       8.64122354E-04   2.13587866E-03   3.00000096E-03
   41.1000023       8.62331653E-04   2.13766936E-03   3.00000096E-03
   41.2000008       8.60546716E-04   2.13945424E-03   3.00000096E-03
   41.2999992       8.58767540E-04   2.14123353E-03   3.00000096E-03
   41.4000015       8.56994069E-04   2.14300700E-03   3.00000096E-03
   41.5000000       8.55226303E-04   2.14477465E-03   3.00000096E-03
   41.6000023       8.53464240E-04   2.14653672E-03   3.00000096E-03
   41.7000008       8.51707824E-04   2.14829319E-03   3.00000096E-03
   41.7999992       8.49956996E-04   2.15004408E-03   3.00000096E-03
   41.9000015       8.48211756E-04   2.15178938E-03   3.00000119E-03
   42.0000000       8.46472103E-04   2.15352909E-03   3.00000119E-03
   42.1000023       8.44737981E-04   2.15526321E-03   3.00000119E-03
   42.2000008       8.43009388E-04   2.15699174E-03   3.00000119E-03
   42.2999992       8.41286324E-04   2.15871492E-03   3.00000119E-03
   42.4000015       8.39568675E-04   2.16043252E-03   3.00000119E-03
   42.5000000       8.37856496E-04   2.16214475E-03   3.00000119E-03
   42.6000023       8.36149731E-04   2.16385140E-03   3.00000119E-03
   42.7000008       8.34448379E-04   2.16555269E-03   3.00000096E-03
   42.7999992       8.32752383E-04   2.16724863E-03   3.00000096E-03
   42.9000015       8.31061741E-04   2.16893922E-03   3.00000096E-03
   43.0000000       8.29376397E-04   2.17062468E-03   3.00000096E-03
   43.1000023       8.27696349E-04   2.17230478E-03   3.00000119E-03
   43.2000008       8.26021540E-04   2.17397953E-03   3.00000096E-03
   43.2999992       8.24351970E-04   2.17564916E-03   3.00000119E-03
   43.4000015       8.22687638E-04   2.17731344E-03   3.00000096E-03
   43.5000000       8.21028487E-04   2.17897259E-03   3.00000096E-03
   43.6000023       8.19374516E-04   2.18062662E-03   3.00000119E-03
   43.7000008       8.17725726E-04   2.18227552E-03   3.00000119E-03
   43.7999992       8.16082058E-04   2.18391931E-03   3.00000142E-03
   43.9000015       8.14443454E-04   2.18555797E-03   3.00000142E-03
   44.0000000       8.12809973E-04   2.18719151E-03   3.00000142E-03
   44.1000023       8.11181555E-04   2.18881993E-03   3.00000142E-03
   44.2000008       8.09558143E-04   2.19044322E-03   3.00000142E-03
   44.2999992       8.07939738E-04   2.19206163E-03   3.00000142E-03
   44.4000015       8.06326338E-04   2.19367514E-03   3.00000142E-03
   44.5000000       8.04717885E-04   2.19528354E-03   3.00000142E-03
   44.6000023       8.03114381E-04   2.19688704E-03   3.00000142E-03
   44.7000008       8.01515824E-04   2.19848566E-03   3.00000142E-03
   44.7999992       7.99922156E-04   2.20007938E-03   3.00000142E-03
   44.9000015       7.98333378E-04   2.20166822E-03   3.00000166E-03
   45.0000000       7.96749431E-04   2.20325217E-03   3.00000166E-03
   45.1000023       7.95170316E-04   2.20483122E-03   3.00000142E-03
   45.2000008       7.93596031E-04   2.20640562E-03   3.00000166E-03
   45.2999992       7.92026520E-04   2.20797514E-03   3.00000166E-03
   45.4000015       7.90461781E-04   2.20953976E-03   3.00000142E-03
   45.5000000       7.88901816E-04   2.21109972E-03   3.00000142E-03
   45.6000023       7.87346566E-04   2.21265503E-03   3.00000166E-03
   45.7000008       7.85796030E-04   2.21420568E-03   3.00000166E-03
   45.7999992       7.84250151E-04   2.21575145E-03   3.00000166E-03
   45.9000015       7.82708928E-04   2.21729255E-03   3.00000142E-03
   46.0000000       7.81172363E-04   2.21882900E-03   3.00000142E-03
   46.1000023       7.79640453E-04   2.22036103E-03   3.00000142E-03
   46.2000008       7.78113143E-04   2.22188840E-03   3.00000142E-03
   46.2999992       7.76590372E-04   2.22341111E-03   3.00000142E-03
   46.4000015       7.75072200E-04   2.22492940E-03   3.00000166E-03
   46.5000000       7.73558568E-04   2.22644303E-03   3.00000166E-03
   46.6000023       7.72049476E-04   2.22795224E-03   3.00000166E-03
   46.7000008       7.70544866E-04   2.22945679E-03   3.00000166E-03
   46.7999992       7.69044738E-04   2.23095692E-03   3.00000166E-03
   46.9000015       7.67549092E-04   2.23245262E-03   3.00000166E-03
   47.0000000       7.66057870E-04   2.23394390E-03   3.00000189E-03
   47.1000023       7.64571072E-04   2.23543076E-03   3.00000189E-03
   47.2000008       7.63088698E-04   2.23691319E-03   3.00000189E-03
   47.2999992       7.61610689E-04   2.23839120E-03   3.00000189E-03
   47.4000015       7.60137103E-04   2.23986479E-03   3.00000189E-03
   47.5000000       7.58667826E-04   2.24133395E-03   3.00000189E-03
   47.6000023       7.57202914E-04   2.24279892E-03   3.00000189E-03
   47.7000008       7.55742309E-04   2.24425946E-03   3.00000189E-03
   47.7999992       7.54286011E-04   2.24571582E-03   3.00000189E-03
   47.9000015       7.52833963E-04   2.24716775E-03   3.00000166E-03
   48.0000000       7.51386164E-04   2.24861549E-03   3.00000166E-03
   48.1000023       7.49942614E-04   2.25005904E-03   3.00000166E-03
   48.2000008       7.48503313E-04   2.25149840E-03   3.00000166E-03
   48.2999992       7.47068203E-04   2.25293357E-03   3.00000189E-03
   48.4000015       7.45637284E-04   2.25436455E-03   3.00000189E-03
   48.5000000       7.44210556E-04   2.25579133E-03   3.00000189E-03
   48.6000023       7.42787961E-04   2.25721393E-03   3.00000189E-03
   48.7000008       7.41369498E-04   2.25863233E-03   3.00000189E-03
   48.7999992       7.39955169E-04   2.26004678E-03   3.00000189E-03
   48.9000015       7.38544913E-04   2.26145703E-03   3.00000189E-03
   49.0000000       7.37138733E-04   2.26286310E-03   3.00000189E-03
   49.1000023       7.35736627E-04   2.26426520E-03   3.00000189E-03
   49.2000008       7.34338595E-04   2.26566335E-03   3.00000189E-03
   49.2999992       7.32944580E-04   2.26705731E-03   3.00000189E-03
   49.4000015       7.31554581E-04   2.26844731E-03   3.00000189E-03
   49.5000000       7.30168540E-04   2.26983335E-03   3.00000189E-03
   49.6000023       7.28786516E-04   2.27121543E-03   3.00000189E-03
   49.7000008       7.27408449E-04   2.27259356E-03   3.00000189E-03
   49.7999992       7.26034341E-04   2.27396772E-03   3.00000212E-03
   49.9000015       7.24664133E-04   2.27533793E-03   3.00000212E-03
   50.0000000       7.23297882E-04   2.27670418E-03   3.00000212E-03
   50.1000023       7.21935532E-04   2.27806647E-03   3.00000189E-03
   50.2000008       7.20577023E-04   2.27942504E-03   3.00000212E-03
   50.2999992       7.19222415E-04   2.28077965E-03   3.00000212E-03
   50.4000015       7.17871648E-04   2.28213053E-03   3.00000212E-03
   50.5000000       7.16524723E-04   2.28347746E-03   3.00000212E-03
   50.6000023       7.15181581E-04   2.28482066E-03   3.00000235E-03
   50.7000008       7.13842281E-04   2.28615990E-03   3.00000212E-03
   50.7999992       7.12506764E-04   2.28749542E-03   3.00000212E-03
   50.9000015       7.11174973E-04   2.28882721E-03   3.00000212E-03
   51.0000000       7.09846965E-04   2.29015527E-03   3.00000235E-03
   51.1000023       7.08522683E-04   2.29147961E-03   3.00000235E-03
   51.2000008       7.07202125E-04   2.29280023E-03   3.00000235E-03
   51.2999992       7.05885293E-04   2.29411712E-03   3.00000235E-03
   51.4000015       7.04572187E-04   2.29543028E-03   3.00000235E-03
   51.5000000       7.03262747E-04   2.29673972E-03   3.00000235E-03
   51.6000023       7.01956975E-04   2.29804544E-03   3.00000235E-03
   51.7000008       7.00654811E-04   2.29934766E-03   3.00000235E-03
   51.7999992       6.99356315E-04   2.30064616E-03   3.00000235E-03
   51.9000015       6.98061427E-04   2.30194093E-03   3.00000235E-03
   52.0000000       6.96770148E-04   2.30323221E-03   3.00000235E-03
   52.1000023       6.95482478E-04   2.30451999E-03   3.00000235E-03
   52.2000008       6.94198359E-04   2.30580405E-03   3.00000235E-03
   52.2999992       6.92917791E-04   2.30708462E-03   3.00000235E-03
   52.4000015       6.91640773E-04   2.30836170E-03   3.00000235E-03
   52.5000000       6.90367306E-04   2.30963505E-03   3.00000235E-03
   52.6000023       6.89097389E-04   2.31090491E-03   3.00000235E-03
   52.7000008       6.87830965E-04   2.31217127E-03   3.00000235E-03
   52.7999992       6.86568033E-04   2.31343415E-03   3.00000212E-03
   52.9000015       6.85308594E-04   2.31469353E-03   3.00000212E-03
   53.0000000       6.84052589E-04   2.31594942E-03   3.00000189E-03
   53.1000023       6.82800019E-04   2.31720204E-03   3.00000212E-03
   53.2000008       6.81550940E-04   2.31845118E-03   3.00000212E-03
   53.2999992       6.80305238E-04   2.31969682E-03   3.00000212E-03
   53.4000015       6.79062970E-04   2.32093921E-03   3.00000212E-03
   53.5000000       6.77824079E-04   2.32217810E-03   3.00000212E-03
   53.6000023       6.76588563E-04   2.32341350E-03   3.00000212E-03
   53.7000008       6.75356423E-04   2.32464564E-03   3.00000212E-03
   53.7999992       6.74127659E-04   2.32587452E-03   3.00000212E-03
   53.9000015       6.72902213E-04   2.32709991E-03   3.00000212E-03
   54.0000000       6.71680144E-04   2.32832204E-03   3.00000212E-03
   54.1000023       6.70461392E-04   2.32954090E-03   3.00000235E-03
   54.2000008       6.69245899E-04   2.33075628E-03   3.00000212E-03
   54.2999992       6.68033725E-04   2.33196840E-03   3.00000212E-03
   54.4000015       6.66824810E-04   2.33317725E-03   3.00000212E-03
   54.5000000       6.65619154E-04   2.33438285E-03   3.00000189E-03
   54.6000023       6.64416759E-04   2.33558519E-03   3.00000189E-03
   54.7000008       6.63217623E-04   2.33678427E-03   3.00000189E-03
   54.7999992       6.62021688E-04   2.33798008E-03   3.00000189E-03
   54.9000015       6.60829013E-04   2.33917288E-03   3.00000189E-03
   55.0000000       6.59639540E-04   2.34036241E-03   3.00000189E-03
   55.1000023       6.58453209E-04   2.34154868E-03   3.00000189E-03
   55.2000008       6.57270080E-04   2.34273192E-03   3.00000189E-03
   55.2999992       6.56090095E-04   2.34391191E-03   3.00000189E-03
   55.4000015       6.54913252E-04   2.34508864E-03   3.00000189E-03
   55.5000000       6.53739553E-04   2.34626234E-03   3.00000189E-03
   55.6000023       6.52568997E-04   2.34743278E-03   3.00000189E-03
   55.7000008       6.51401584E-04   2.34860019E-03   3.00000189E-03
   55.7999992       6.50237256E-04   2.34976457E-03   3.00000189E-03
   55.9000015       6.49076013E-04   2.35092570E-03   3.00000166E-03
   56.0000000       6.47917856E-04   2.35208380E-03   3.00000166E-03
   56.1000023       6.46762783E-04   2.35323887E-03   3.00000166E-03
   56.2000008       6.45610737E-04   2.35439092E-03   3.00000166E-03
   56.2999992       6.44461776E-04   2.35553994E-03   3.00000166E-03
   56.4000015       6.43315841E-04   2.35668593E-03   3.00000189E-03
   56.5000000       6.42172934E-04   2.35782890E-03   3.00000189E-03
   56.6000023       6.41033053E-04   2.35896884E-03   3.00000189E-03
   56.7000008       6.39896141E-04   2.36010575E-03   3.00000189E-03
   56.7999992       6.38762198E-04   2.36123963E-03   3.00000189E-03
   56.9000015       6.37631281E-04   2.36237049E-03   3.00000189E-03
   57.0000000       6.36503333E-04   2.36349856E-03   3.00000189E-03
   57.1000023       6.35378296E-04   2.36462359E-03   3.00000189E-03
   57.2000008       6.34256226E-04   2.36574560E-03   3.00000189E-03
   57.2999992       6.33137068E-04   2.36686482E-03   3.00000189E-03
   57.4000015       6.32020819E-04   2.36798101E-03   3.00000189E-03
   57.5000000       6.30907482E-04   2.36909441E-03   3.00000189E-03
   57.6000023       6.29797054E-04   2.37020478E-03   3.00000189E-03
   57.7000008       6.28689537E-04   2.37131235E-03   3.00000189E-03
   57.7999992       6.27584872E-04   2.37241690E-03   3.00000189E-03
   57.9000015       6.26483117E-04   2.37351866E-03   3.00000189E-03
   58.0000000       6.25384215E-04   2.37461762E-03   3.00000189E-03
   58.1000023       6.24288165E-04   2.37571378E-03   3.00000189E-03
   58.2000008       6.23194908E-04   2.37680692E-03   3.00000189E-03
   58.2999992       6.22104504E-04   2.37789727E-03   3.00000189E-03
   58.4000015       6.21016894E-04   2.37898482E-03   3.00000166E-03
   58.5000000       6.19932078E-04   2.38006958E-03   3.00000166E-03
   58.6000023       6.18850056E-04   2.38115154E-03   3.00000166E-03
   58.7000008       6.17770827E-04   2.38223071E-03   3.00000142E-03
   58.7999992       6.16694393E-04   2.38330709E-03   3.00000142E-03
   58.9000015       6.15620695E-04   2.38438067E-03   3.00000142E-03
   59.0000000       6.14549732E-04   2.38545169E-03   3.00000142E-03
   59.1000023       6.13481563E-04   2.38651992E-03   3.00000142E-03
   59.2000008       6.12416072E-04   2.38758535E-03   3.00000142E-03
   59.2999992       6.11353316E-04   2.38864799E-03   3.00000142E-03
   59.4000015       6.10293297E-04   2.38970807E-03   3.00000142E-03
   59.5000000       6.09235954E-04   2.39076535E-03   3.00000142E-03
   59.6000023       6.08181290E-04   2.39182007E-03   3.00000142E-03
   59.7000008       6.07129361E-04   2.39287200E-03   3.00000142E-03
   59.7999992       6.06080052E-04   2.39392137E-03   3.00000142E-03
   59.9000015       6.05033420E-04   2.39496795E-03   3.00000142E-03
   60.0000000       6.03989465E-04   2.39601196E-03   3.00000142E-03
   60.1000023       6.02948130E-04   2.39705318E-03   3.00000142E-03
   60.2000008       6.01909414E-04   2.39809183E-03   3.00000119E-03
   60.2999992       6.00873376E-04   2.39912793E-03   3.00000142E-03
   60.4000015       5.99839899E-04   2.40016147E-03   3.00000142E-03
   60.5000000       5.98809042E-04   2.40119221E-03   3.00000119E-03
   60.6000023       5.97780803E-04   2.40222039E-03   3.00000119E-03
   60.7000008       5.96755126E-04   2.40324601E-03   3.00000119E-03
   60.7999992       5.95732068E-04   2.40426906E-03   3.00000119E-03
   60.9000015       5.94711571E-04   2.40528956E-03   3.00000119E-03
   61.0000000       5.93693636E-04   2.40630750E-03   3.00000119E-03
   61.1000023       5.92678203E-04   2.40732287E-03   3.00000096E-03
   61.2000008       5.91665332E-04   2.40833568E-03   3.00000096E-03
   61.2999992       5.90654963E-04   2.40934594E-03   3.00000096E-03
   61.4000015       5.89647156E-04   2.41035386E-03   3.00000096E-03
   61.5000000       5.88641851E-04   2.41135922E-03   3.00000096E-03
   61.6000023       5.87639050E-04   2.41236202E-03   3.00000096E-03
   61.7000008       5.86638751E-04   2.41336226E-03   3.00000096E-03
   61.7999992       5.85640955E-04   2.41436018E-03   3.00000119E-03
   61.9000015       5.84645604E-04   2.41535553E-03   3.00000119E-03
   62.0000000       5.83652756E-04   2.41634832E-03   3.00000096E-03
   62.1000023       5.82662353E-04   2.41733878E-03   3.00000119E-03
   62.2000008       5.81674394E-04   2.41832668E-03   3.00000096E-03
   62.2999992       5.80688880E-04   2.41931225E-03   3.00000119E-03
   62.4000015       5.79705811E-04   2.42029526E-03   3.00000096E-03
   62.5000000       5.78725128E-04   2.42127595E-03   3.00000096E-03
   62.6000023       5.77746890E-04   2.42225430E-03   3.00000119E-03
   62.7000008       5.76771039E-04   2.42323009E-03   3.00000119E-03
   62.7999992       5.75797574E-04   2.42420356E-03   3.00000119E-03
   62.9000015       5.74826496E-04   2.42517469E-03   3.00000119E-03
   63.0000000       5.73857804E-04   2.42614327E-03   3.00000096E-03
   63.1000023       5.72891498E-04   2.42710952E-03   3.00000096E-03
   63.2000008       5.71927580E-04   2.42807344E-03   3.00000096E-03
   63.2999992       5.70965989E-04   2.42903503E-03   3.00000096E-03
   63.4000015       5.70006785E-04   2.42999429E-03   3.00000096E-03
   63.5000000       5.69049909E-04   2.43095122E-03   3.00000119E-03
   63.6000023       5.68095362E-04   2.43190583E-03   3.00000119E-03
   63.7000008       5.67143143E-04   2.43285811E-03   3.00000119E-03
   63.7999992       5.66193252E-04   2.43380805E-03   3.00000142E-03
   63.9000015       5.65245631E-04   2.43475568E-03   3.00000142E-03
   64.0000000       5.64300339E-04   2.43570097E-03   3.00000142E-03
   64.0999985       5.63357316E-04   2.43664393E-03   3.00000119E-03
   64.2000046       5.62416622E-04   2.43758457E-03   3.00000119E-03
   64.3000031       5.61478199E-04   2.43852311E-03   3.00000142E-03
   64.4000015       5.60542045E-04   2.43945932E-03   3.00000142E-03
   64.5000000       5.59608161E-04   2.44039320E-03   3.00000142E-03
   64.5999985       5.58676489E-04   2.44132476E-03   3.00000119E-03
   64.7000046       5.57747087E-04   2.44225422E-03   3.00000142E-03
   64.8000031       5.56819898E-04   2.44318135E-03   3.00000119E-03
   64.9000015       5.55894978E-04   2.44410639E-03   3.00000142E-03
   65.0000000       5.54972270E-04   2.44502909E-03   3.00000142E-03
   65.0999985       5.54051774E-04   2.44594971E-03   3.00000142E-03
   65.2000046       5.53133490E-04   2.44686799E-03   3.00000142E-03
   65.3000031       5.52217360E-04   2.44778418E-03   3.00000142E-03
   65.4000015       5.51303441E-04   2.44869804E-03   3.00000142E-03
   65.5000000       5.50391735E-04   2.44960980E-03   3.00000142E-03
   65.5999985       5.49482182E-04   2.45051924E-03   3.00000142E-03
   65.7000046       5.48574782E-04   2.45142658E-03   3.00000142E-03
   65.8000031       5.47669595E-04   2.45233183E-03   3.00000142E-03
   65.9000015       5.46766561E-04   2.45323498E-03   3.00000142E-03
   66.0000000       5.45865623E-04   2.45413580E-03   3.00000142E-03
   66.0999985       5.44966839E-04   2.45503453E-03   3.00000142E-03
   66.2000046       5.44070208E-04   2.45593116E-03   3.00000142E-03
   66.3000031       5.43175673E-04   2.45682569E-03   3.00000142E-03
   66.4000015       5.42283291E-04   2.45771813E-03   3.00000142E-03
   66.5000000       5.41393005E-04   2.45860848E-03   3.00000142E-03
   66.5999985       5.40504814E-04   2.45949673E-03   3.00000142E-03
   66.7000046       5.39618719E-04   2.46038288E-03   3.00000166E-03
   66.8000031       5.38734719E-04   2.46126694E-03   3.00000166E-03
   66.9000015       5.37852815E-04   2.46214890E-03   3.00000166E-03
   67.0000000       5.36973006E-04   2.46302877E-03   3.00000189E-03
   67.0999985       5.36095235E-04   2.46390654E-03   3.00000189E-03
   67.2000046       5.35219559E-04   2.46478221E-03   3.00000189E-03
   67.3000031       5.34345920E-04   2.46565579E-03   3.00000166E-03
   67.4000015       5.33474318E-04   2.46652728E-03   3.00000166E-03
   67.5000000       5.32604754E-04   2.46739690E-03   3.00000166E-03
   67.5999985       5.31737227E-04   2.46826443E-03   3.00000166E-03
   67.7000046       5.30871737E-04   2.46912986E-03   3.00000166E-03
   67.8000031       5.30008285E-04   2.46999343E-03   3.00000166E-03
   67.9000015       5.29146811E-04   2.47085490E-03   3.00000166E-03
   68.0000000       5.28287375E-04   2.47171428E-03   3.00000166E-03
   68.0999985       5.27429918E-04   2.47257180E-03   3.00000166E-03
   68.2000046       5.26574440E-04   2.47342722E-03   3.00000166E-03
   68.3000031       5.25721000E-04   2.47428077E-03   3.00000189E-03
   68.4000015       5.24869538E-04   2.47513223E-03   3.00000189E-03
   68.5000000       5.24020055E-04   2.47598183E-03   3.00000189E-03
   68.5999985       5.23172494E-04   2.47682934E-03   3.00000189E-03
   68.7000046       5.22326911E-04   2.47767498E-03   3.00000189E-03
   68.8000031       5.21483307E-04   2.47851852E-03   3.00000189E-03
   68.9000015       5.20641624E-04   2.47936021E-03   3.00000189E-03
   69.0000000       5.19801921E-04   2.48020003E-03   3.00000189E-03
   69.0999985       5.18964138E-04   2.48103775E-03   3.00000189E-03
   69.2000046       5.18128276E-04   2.48187361E-03   3.00000189E-03
   69.3000031       5.17294335E-04   2.48270761E-03   3.00000189E-03
   69.4000015       5.16462314E-04   2.48353975E-03   3.00000212E-03
   69.5000000       5.15632215E-04   2.48436979E-03   3.00000189E-03
   69.5999985       5.14804036E-04   2.48519797E-03   3.00000189E-03
   69.7000046       5.13977720E-04   2.48602428E-03   3.00000189E-03
   69.8000031       5.13153325E-04   2.48684874E-03   3.00000212E-03
   69.9000015       5.12330793E-04   2.48767133E-03   3.00000212E-03
   70.0000000       5.11510123E-04   2.48849206E-03   3.00000212E-03
   70.0999985       5.10691374E-04   2.48931092E-03   3.00000235E-03
   70.2000046       5.09874488E-04   2.49012792E-03   3.00000235E-03
   70.3000031       5.09059464E-04   2.49094306E-03   3.00000259E-03
   70.4000015       5.08246303E-04   2.49175634E-03   3.00000259E-03
   70.5000000       5.07434946E-04   2.49256776E-03   3.00000282E-03
   70.5999985       5.06625453E-04   2.49337731E-03   3.00000282E-03
   70.7000046       5.05817821E-04   2.49418500E-03   3.00000282E-03
   70.8000031       5.05011994E-04   2.49499083E-03   3.00000282E-03
   70.9000015       5.04207972E-04   2.49579479E-03   3.00000282E-03
   71.0000000       5.03405812E-04   2.49659689E-03   3.00000282E-03
   71.0999985       5.02605457E-04   2.49739736E-03   3.00000282E-03
   71.2000046       5.01806906E-04   2.49819597E-03   3.00000282E-03
   71.3000031       5.01010159E-04   2.49899272E-03   3.00000282E-03
   71.4000015       5.00215217E-04   2.49978760E-03   3.00000282E-03
   71.5000000       4.99422080E-04   2.50058086E-03   3.00000282E-03
   71.5999985       4.98630689E-04   2.50137225E-03   3.00000282E-03
   71.7000046       4.97841102E-04   2.50216178E-03   3.00000282E-03
   71.8000031       4.97053261E-04   2.50294968E-03   3.00000282E-03
   71.9000015       4.96267225E-04   2.50373571E-03   3.00000282E-03
   72.0000000       4.95482935E-04   2.50452012E-03   3.00000305E-03
   72.0999985       4.94700391E-04   2.50530266E-03   3.00000305E-03
   72.2000046       4.93919593E-04   2.50608334E-03   3.00000282E-03
   72.3000031       4.93140542E-04   2.50686239E-03   3.00000282E-03
   72.4000015       4.92363237E-04   2.50763958E-03   3.00000282E-03
   72.5000000       4.91587678E-04   2.50841514E-03   3.00000282E-03
   72.5999985       4.90813865E-04   2.50918907E-03   3.00000282E-03
   72.7000046       4.90041741E-04   2.50996114E-03   3.00000282E-03
   72.8000031       4.89271362E-04   2.51073157E-03   3.00000282E-03
   72.9000015       4.88502672E-04   2.51150015E-03   3.00000282E-03
   73.0000000       4.87735699E-04   2.51226709E-03   3.00000282E-03
   73.0999985       4.86970443E-04   2.51303241E-03   3.00000282E-03
   73.2000046       4.86206874E-04   2.51379609E-03   3.00000305E-03
   73.3000031       4.85444994E-04   2.51455791E-03   3.00000282E-03
   73.4000015       4.84684802E-04   2.51531810E-03   3.00000282E-03
   73.5000000       4.83926298E-04   2.51607667E-03   3.00000305E-03
   73.5999985       4.83169453E-04   2.51683360E-03   3.00000305E-03
   73.7000046       4.82414296E-04   2.51758867E-03   3.00000305E-03
   73.8000031       4.81660798E-04   2.51834211E-03   3.00000282E-03
   73.9000015       4.80908959E-04   2.51909392E-03   3.00000282E-03
   74.0000000       4.80158778E-04   2.51984410E-03   3.00000282E-03
   74.0999985       4.79410257E-04   2.52059265E-03   3.00000282E-03
   74.2000046       4.78663365E-04   2.52133957E-03   3.00000282E-03
   74.3000031       4.77918104E-04   2.52208486E-03   3.00000305E-03
   74.4000015       4.77174501E-04   2.52282852E-03   3.00000305E-03
   74.5000000       4.76432528E-04   2.52357055E-03   3.00000305E-03
   74.5999985       4.75692155E-04   2.52431096E-03   3.00000305E-03
   74.7000046       4.74953413E-04   2.52504973E-03   3.00000305E-03
   74.8000031       4.74216300E-04   2.52578687E-03   3.00000329E-03
   74.9000015       4.73480788E-04   2.52652238E-03   3.00000329E-03
   75.0000000       4.72746877E-04   2.52725626E-03   3.00000305E-03
   75.0999985       4.72014566E-04   2.52798852E-03   3.00000305E-03
   75.2000046       4.71283856E-04   2.52871914E-03   3.00000305E-03
   75.3000031       4.70554718E-04   2.52944836E-03   3.00000305E-03
   75.4000015       4.69827180E-04   2.53017596E-03   3.00000305E-03
   75.5000000       4.69101215E-04   2.53090193E-03   3.00000305E-03
   75.5999985       4.68376820E-04   2.53162626E-03   3.00000305E-03
   75.7000046       4.67653997E-04   2.53234897E-03   3.00000305E-03
   75.8000031       4.66932746E-04   2.53307028E-03   3.00000305E-03
   75.9000015       4.66213067E-04   2.53378996E-03   3.00000305E-03
   76.0000000       4.65494930E-04   2.53450801E-03   3.00000282E-03
   76.0999985       4.64778335E-04   2.53522466E-03   3.00000305E-03
   76.2000046       4.64063312E-04   2.53593968E-03   3.00000305E-03
   76.3000031       4.63349832E-04   2.53665308E-03   3.00000282E-03
   76.4000015       4.62637865E-04   2.53736507E-03   3.00000282E-03
   76.5000000       4.61927440E-04   2.53807544E-03   3.00000282E-03
   76.5999985       4.61218558E-04   2.53878441E-03   3.00000305E-03
   76.7000046       4.60511190E-04   2.53949175E-03   3.00000282E-03
   76.8000031       4.59805335E-04   2.54019769E-03   3.00000305E-03
   76.9000015       4.59100993E-04   2.54090200E-03   3.00000305E-03
   77.0000000       4.58398164E-04   2.54160492E-03   3.00000305E-03
   77.0999985       4.57696849E-04   2.54230620E-03   3.00000305E-03
   77.2000046       4.56997019E-04   2.54300609E-03   3.00000305E-03
   77.3000031       4.56298701E-04   2.54370435E-03   3.00000305E-03
   77.4000015       4.55601868E-04   2.54440121E-03   3.00000305E-03
   77.5000000       4.54906520E-04   2.54509668E-03   3.00000329E-03
   77.5999985       4.54212655E-04   2.54579051E-03   3.00000329E-03
   77.7000046       4.53520275E-04   2.54648295E-03   3.00000329E-03
   77.8000031       4.52829350E-04   2.54717376E-03   3.00000305E-03
   77.9000015       4.52139910E-04   2.54786317E-03   3.00000305E-03
   78.0000000       4.51451924E-04   2.54855119E-03   3.00000305E-03
   78.0999985       4.50765394E-04   2.54923780E-03   3.00000329E-03
   78.2000046       4.50080319E-04   2.54992279E-03   3.00000305E-03
   78.3000031       4.49396699E-04   2.55060638E-03   3.00000305E-03
   78.4000015       4.48714534E-04   2.55128858E-03   3.00000305E-03
   78.5000000       4.48033796E-04   2.55196937E-03   3.00000329E-03
   78.5999985       4.47354512E-04   2.55264877E-03   3.00000329E-03
   78.7000046       4.46676655E-04   2.55332654E-03   3.00000329E-03
   78.8000031       4.46000224E-04   2.55400292E-03   3.00000305E-03
   78.9000015       4.45325219E-04   2.55467789E-03   3.00000305E-03
   79.0000000       4.44651640E-04   2.55535147E-03   3.00000305E-03
   79.0999985       4.43979487E-04   2.55602365E-03   3.00000305E-03
   79.2000046       4.43308731E-04   2.55669444E-03   3.00000329E-03
   79.3000031       4.42639401E-04   2.55736383E-03   3.00000329E-03
   79.4000015       4.41971468E-04   2.55803182E-03   3.00000329E-03
   79.5000000       4.41304932E-04   2.55869841E-03   3.00000329E-03
   79.5999985       4.40639793E-04   2.55936361E-03   3.00000329E-03
   79.7000046       4.39976051E-04   2.56002741E-03   3.00000352E-03
   79.8000031       4.39313706E-04   2.56068981E-03   3.00000352E-03
   79.9000015       4.38652729E-04   2.56135082E-03   3.00000352E-03
   80.0000000       4.37993149E-04   2.56201043E-03   3.00000352E-03
   80.0999985       4.37334937E-04   2.56266864E-03   3.00000352E-03
   80.2000046       4.36678092E-04   2.56332546E-03   3.00000352E-03
   80.3000031       4.36022616E-04   2.56398087E-03   3.00000352E-03
   80.4000015       4.35368507E-04   2.56463489E-03   3.00000329E-03
   80.5000000       4.34715766E-04   2.56528775E-03   3.00000352E-03
   80.5999985       4.34064365E-04   2.56593921E-03   3.00000352E-03
   80.7000046       4.33414330E-04   2.56658928E-03   3.00000352E-03
   80.8000031       4.32765635E-04   2.56723794E-03   3.00000352E-03
   80.9000015       4.32118279E-04   2.56788521E-03   3.00000352E-03
   81.0000000       4.31472290E-04   2.56853132E-03   3.00000352E-03
   81.0999985       4.30827611E-04   2.56917602E-03   3.00000375E-03
   81.2000046       4.30184271E-04   2.56981933E-03   3.00000352E-03
   81.3000031       4.29542270E-04   2.57046125E-03   3.00000352E-03
   81.4000015       4.28901578E-04   2.57110200E-03   3.00000352E-03
   81.5000000       4.28262225E-04   2.57174135E-03   3.00000352E-03
   81.5999985       4.27624182E-04   2.57237931E-03   3.00000352E-03
   81.7000046       4.26987448E-04   2.57301610E-03   3.00000352E-03
   81.8000031       4.26352024E-04   2.57365149E-03   3.00000352E-03
   81.9000015       4.25717910E-04   2.57428549E-03   3.00000329E-03
   82.0000000       4.25085105E-04   2.57491833E-03   3.00000352E-03
   82.0999985       4.24453581E-04   2.57554976E-03   3.00000329E-03
   82.2000046       4.23823367E-04   2.57618004E-03   3.00000329E-03
   82.3000031       4.23194433E-04   2.57680891E-03   3.00000329E-03
   82.4000015       4.22566809E-04   2.57743662E-03   3.00000352E-03
   82.5000000       4.21940465E-04   2.57806294E-03   3.00000329E-03
   82.5999985       4.21315402E-04   2.57868809E-03   3.00000352E-03
   82.7000046       4.20691620E-04   2.57931184E-03   3.00000352E-03
   82.8000031       4.20069089E-04   2.57993443E-03   3.00000352E-03
   82.9000015       4.19447839E-04   2.58055562E-03   3.00000352E-03
   83.0000000       4.18827840E-04   2.58117565E-03   3.00000352E-03
   83.0999985       4.18209122E-04   2.58179428E-03   3.00000329E-03
   83.2000046       4.17591655E-04   2.58241175E-03   3.00000329E-03
   83.3000031       4.16975439E-04   2.58302805E-03   3.00000352E-03
   83.4000015       4.16360475E-04   2.58364296E-03   3.00000352E-03
   83.5000000       4.15746763E-04   2.58425670E-03   3.00000352E-03
   83.5999985       4.15134302E-04   2.58486927E-03   3.00000352E-03
   83.7000046       4.14523063E-04   2.58548046E-03   3.00000352E-03
   83.8000031       4.13913076E-04   2.58609047E-03   3.00000352E-03
   83.9000015       4.13304311E-04   2.58669932E-03   3.00000375E-03
   84.0000000       4.12696769E-04   2.58730678E-03   3.00000352E-03
   84.0999985       4.12090478E-04   2.58791307E-03   3.00000352E-03
   84.2000046       4.11485409E-04   2.58851820E-03   3.00000352E-03
   84.3000031       4.10881563E-04   2.58912216E-03   3.00000375E-03
   84.4000015       4.10278910E-04   2.58972473E-03   3.00000375E-03
   84.5000000       4.09677479E-04   2.59032613E-03   3.00000352E-03
   84.5999985       4.09077271E-04   2.59092636E-03   3.00000375E-03
   84.7000046       4.08478256E-04   2.59152544E-03   3.00000375E-03
   84.8000031       4.07880434E-04   2.59212335E-03   3.00000375E-03
   84.9000015       4.07283806E-04   2.59271986E-03   3.00000375E-03
   85.0000000       4.06688399E-04   2.59331521E-03   3.00000352E-03
   85.0999985       4.06094186E-04   2.59390939E-03   3.00000352E-03
   85.2000046       4.05501138E-04   2.59450241E-03   3.00000352E-03
   85.3000031       4.04909282E-04   2.59509427E-03   3.00000352E-03
   85.4000015       4.04318620E-04   2.59568496E-03   3.00000352E-03
   85.5000000       4.03729122E-04   2.59627448E-03   3.00000352E-03
   85.5999985       4.03140817E-04   2.59686285E-03   3.00000375E-03
   85.7000046       4.02553676E-04   2.59745005E-03   3.00000375E-03
   85.8000031       4.01967700E-04   2.59803608E-03   3.00000375E-03
   85.9000015       4.01382888E-04   2.59862095E-03   3.00000375E-03
   86.0000000       4.00799239E-04   2.59920466E-03   3.00000398E-03
   86.0999985       4.00216755E-04   2.59978720E-03   3.00000398E-03
   86.2000046       3.99635435E-04   2.60036858E-03   3.00000398E-03
   86.3000031       3.99055250E-04   2.60094879E-03   3.00000398E-03
   86.4000015       3.98476230E-04   2.60152784E-03   3.00000398E-03
   86.5000000       3.97898344E-04   2.60210573E-03   3.00000398E-03
   86.5999985       3.97321623E-04   2.60268245E-03   3.00000398E-03
   86.7000046       3.96746036E-04   2.60325801E-03   3.00000398E-03
   86.8000031       3.96171585E-04   2.60383240E-03   3.00000398E-03
   86.9000015       3.95598268E-04   2.60440563E-03   3.00000398E-03
   87.0000000       3.95026087E-04   2.60497793E-03   3.00000398E-03
   87.0999985       3.94455041E-04   2.60554906E-03   3.00000422E-03
   87.2000046       3.93885100E-04   2.60611903E-03   3.00000422E-03
   87.3000031       3.93316295E-04   2.60668783E-03   3.00000422E-03
   87.4000015       3.92748596E-04   2.60725548E-03   3.00000398E-03
   87.5000000       3.92182032E-04   2.60782195E-03   3.00000398E-03
   87.5999985       3.91616573E-04   2.60838750E-03   3.00000398E-03
   87.7000046       3.91052221E-04   2.60895188E-03   3.00000422E-03
   87.8000031       3.90488975E-04   2.60951510E-03   3.00000398E-03
   87.9000015       3.89926834E-04   2.61007715E-03   3.00000398E-03
   88.0000000       3.89365799E-04   2.61063827E-03   3.00000398E-03
   88.0999985       3.88805842E-04   2.61119823E-03   3.00000398E-03
   88.2000046       3.88246990E-04   2.61175702E-03   3.00000398E-03
   88.3000031       3.87689244E-04   2.61231489E-03   3.00000422E-03
   88.4000015       3.87132575E-04   2.61287158E-03   3.00000422E-03
   88.5000000       3.86576983E-04   2.61342712E-03   3.00000422E-03
   88.5999985       3.86022468E-04   2.61398172E-03   3.00000422E-03
   88.7000046       3.85469059E-04   2.61453516E-03   3.00000422E-03
   88.8000031       3.84916726E-04   2.61508743E-03   3.00000422E-03
   88.9000015       3.84365470E-04   2.61563878E-03   3.00000422E-03
   89.0000000       3.83815262E-04   2.61618895E-03   3.00000422E-03
   89.0999985       3.83266131E-04   2.61673797E-03   3.00000422E-03
   89.2000046       3.82718077E-04   2.61728605E-03   3.00000422E-03
   89.3000031       3.82171071E-04   2.61783297E-03   3.00000398E-03
   89.4000015       3.81625141E-04   2.61837896E-03   3.00000422E-03
   89.5000000       3.81080259E-04   2.61892378E-03   3.00000398E-03
   89.5999985       3.80536425E-04   2.61946768E-03   3.00000422E-03
   89.7000046       3.79993638E-04   2.62001040E-03   3.00000398E-03
   89.8000031       3.79451900E-04   2.62055220E-03   3.00000422E-03
   89.9000015       3.78911209E-04   2.62109283E-03   3.00000398E-03
   90.0000000       3.78371566E-04   2.62163254E-03   3.00000422E-03
   90.0999985       3.77832970E-04   2.62217107E-03   3.00000398E-03
   90.2000046       3.77295393E-04   2.62270868E-03   3.00000398E-03
   90.3000031       3.76758864E-04   2.62324512E-03   3.00000398E-03
   90.4000015       3.76223354E-04   2.62378063E-03   3.00000398E-03
   90.5000000       3.75688891E-04   2.62431521E-03   3.00000422E-03
   90.5999985       3.75155447E-04   2.62484862E-03   3.00000398E-03
   90.7000046       3.74623021E-04   2.62538111E-03   3.00000422E-03
   90.8000031       3.74091615E-04   2.62591243E-03   3.00000398E-03
   90.9000015       3.73561226E-04   2.62644282E-03   3.00000398E-03
   91.0000000       3.73031857E-04   2.62697227E-03   3.00000422E-03
   91.0999985       3.72503506E-04   2.62750057E-03   3.00000398E-03
   91.2000046       3.71976173E-04   2.62802793E-03   3.00000422E-03
   91.3000031       3.71449831E-04   2.62855436E-03   3.00000422E-03
   91.4000015       3.70924507E-04   2.62907962E-03   3.00000422E-03
   91.5000000       3.70400172E-04   2.62960396E-03   3.00000422E-03
   91.5999985       3.69876827E-04   2.63012736E-03   3.00000422E-03
   91.7000046       3.69354500E-04   2.63064960E-03   3.00000422E-03
   91.8000031       3.68833164E-04   2.63117091E-03   3.00000398E-03
   91.9000015       3.68312816E-04   2.63169128E-03   3.00000422E-03
   92.0000000       3.67793458E-04   2.63221073E-03   3.00000422E-03
   92.0999985       3.67275090E-04   2.63272901E-03   3.00000422E-03
   92.2000046       3.66757711E-04   2.63324636E-03   3.00000398E-03
   92.3000031       3.66241293E-04   2.63376278E-03   3.00000398E-03
   92.4000015       3.65725864E-04   2.63427827E-03   3.00000422E-03
   92.5000000       3.65211396E-04   2.63479282E-03   3.00000422E-03
   92.5999985       3.64697917E-04   2.63530621E-03   3.00000422E-03
   92.7000046       3.64185398E-04   2.63581867E-03   3.00000398E-03
   92.8000031       3.63673869E-04   2.63633020E-03   3.00000398E-03
   92.9000015       3.63163301E-04   2.63684080E-03   3.00000422E-03
   93.0000000       3.62653693E-04   2.63735047E-03   3.00000422E-03
   93.0999985       3.62145045E-04   2.63785920E-03   3.00000422E-03
   93.2000046       3.61637358E-04   2.63836700E-03   3.00000445E-03
   93.3000031       3.61130631E-04   2.63887364E-03   3.00000422E-03
   93.4000015       3.60624836E-04   2.63937935E-03   3.00000422E-03
   93.5000000       3.60120001E-04   2.63988413E-03   3.00000422E-03
   93.5999985       3.59616126E-04   2.64038797E-03   3.00000422E-03
   93.7000046       3.59113183E-04   2.64089089E-03   3.00000398E-03
   93.8000031       3.58611171E-04   2.64139287E-03   3.00000398E-03
   93.9000015       3.58110119E-04   2.64189392E-03   3.00000398E-03
   94.0000000       3.57609999E-04   2.64239404E-03   3.00000398E-03
   94.0999985       3.57110810E-04   2.64289323E-03   3.00000398E-03
   94.2000046       3.56612552E-04   2.64339149E-03   3.00000398E-03
   94.3000031       3.56115226E-04   2.64388882E-03   3.00000398E-03
   94.4000015       3.55618831E-04   2.64438521E-03   3.00000398E-03
   94.5000000       3.55123368E-04   2.64488067E-03   3.00000398E-03
   94.5999985       3.54628835E-04   2.64537521E-03   3.00000398E-03
   94.7000046       3.54135205E-04   2.64586881E-03   3.00000398E-03
   94.8000031       3.53642507E-04   2.64636148E-03   3.00000398E-03
   94.9000015       3.53150739E-04   2.64685322E-03   3.00000398E-03
   95.0000000       3.52659874E-04   2.64734402E-03   3.00000398E-03
   95.0999985       3.52169911E-04   2.64783390E-03   3.00000375E-03
   95.2000046       3.51680879E-04   2.64832284E-03   3.00000375E-03
   95.3000031       3.51192750E-04   2.64881109E-03   3.00000375E-03
   95.4000015       3.50705523E-04   2.64929840E-03   3.00000398E-03
   95.5000000       3.50219198E-04   2.64978479E-03   3.00000398E-03
   95.5999985       3.49733775E-04   2.65027024E-03   3.00000398E-03
   95.7000046       3.49249254E-04   2.65075476E-03   3.00000398E-03
   95.8000031       3.48765636E-04   2.65123835E-03   3.00000398E-03
   95.9000015       3.48282891E-04   2.65172101E-03   3.00000398E-03
   96.0000000       3.47801048E-04   2.65220297E-03   3.00000398E-03
   96.0999985       3.47320078E-04   2.65268399E-03   3.00000398E-03
   96.2000046       3.46840010E-04   2.65316409E-03   3.00000422E-03
   96.3000031       3.46360815E-04   2.65364326E-03   3.00000398E-03
   96.4000015       3.45882523E-04   2.65412149E-03   3.00000398E-03
   96.5000000       3.45405104E-04   2.65459903E-03   3.00000422E-03
   96.5999985       3.44928558E-04   2.65507563E-03   3.00000422E-03
   96.7000046       3.44452885E-04   2.65555130E-03   3.00000422E-03
   96.8000031       3.43978085E-04   2.65602604E-03   3.00000422E-03
   96.9000015       3.43504158E-04   2.65649986E-03   3.00000398E-03
   97.0000000       3.43031104E-04   2.65697297E-03   3.00000398E-03
   97.0999985       3.42558924E-04   2.65744515E-03   3.00000398E-03
   97.2000046       3.42087616E-04   2.65791640E-03   3.00000398E-03
   97.3000031       3.41617153E-04   2.65838695E-03   3.00000422E-03
   97.4000015       3.41147563E-04   2.65885657E-03   3.00000422E-03
   97.5000000       3.40678816E-04   2.65932526E-03   3.00000398E-03
   97.5999985       3.40210943E-04   2.65979324E-03   3.00000422E-03
   97.7000046       3.39743914E-04   2.66026030E-03   3.00000422E-03
   97.8000031       3.39277729E-04   2.66072643E-03   3.00000422E-03
   97.9000015       3.38812388E-04   2.66119186E-03   3.00000422E-03
   98.0000000       3.38347920E-04   2.66165636E-03   3.00000422E-03
   98.0999985       3.37884296E-04   2.66211992E-03   3.00000422E-03
   98.2000046       3.37421516E-04   2.66258279E-03   3.00000422E-03
   98.3000031       3.36959551E-04   2.66304472E-03   3.00000422E-03
   98.4000015       3.36498430E-04   2.66350573E-03   3.00000422E-03
   98.5000000       3.36038152E-04   2.66396604E-03   3.00000422E-03
   98.5999985       3.35578719E-04   2.66442541E-03   3.00000422E-03
   98.7000046       3.35120101E-04   2.66488409E-03   3.00000422E-03
   98.8000031       3.34662327E-04   2.66534183E-03   3.00000422E-03
   98.9000015       3.34205368E-04   2.66579888E-03   3.00000422E-03
   99.0000000       3.33749253E-04   2.66625499E-03   3.00000422E-03
   99.0999985       3.33293952E-04   2.66671018E-03   3.00000422E-03
   99.2000046       3.32839467E-04   2.66716466E-03   3.00000422E-03
   99.3000031       3.32385825E-04   2.66761822E-03   3.00000398E-03
   99.4000015       3.31932999E-04   2.66807107E-03   3.00000398E-03
   99.5000000       3.31480987E-04   2.66852300E-03   3.00000398E-03
   99.5999985       3.31029791E-04   2.66897422E-03   3.00000398E-03
   99.7000046       3.30579409E-04   2.66942452E-03   3.00000398E-03
   99.8000031       3.30129842E-04   2.66987411E-03   3.00000398E-03
   99.9000015       3.29681061E-04   2.67032278E-03   3.00000375E-03
   100.000000       3.29233095E-04   2.67077074E-03   3.00000375E-03
