 === NP Ecosistem model integration =====================
  time            phytoplankton   nitrate         total_N
  0.100000001       2.98499987E-02   1.50000007E-04   2.99999993E-02
  0.200000003       2.97070071E-02   2.92990881E-04   2.99999975E-02
  0.300000012       2.95706224E-02   4.29376087E-04   2.99999993E-02
  0.400000006       2.94404682E-02   5.59529522E-04   2.99999975E-02
  0.500000000       2.93161999E-02   6.83798222E-04   2.99999975E-02
  0.600000024       2.91974936E-02   8.02504888E-04   2.99999993E-02
  0.699999988       2.90840492E-02   9.15949931E-04   2.99999993E-02
  0.800000012       2.89755855E-02   1.02441339E-03   2.99999993E-02
  0.900000036       2.88718417E-02   1.12815655E-03   2.99999975E-02
   1.00000000       2.87725739E-02   1.22742378E-03   2.99999975E-02
   1.10000002       2.86775548E-02   1.32244360E-03   2.99999975E-02
   1.20000005       2.85865683E-02   1.41343009E-03   2.99999975E-02
   1.30000007       2.84994151E-02   1.50058419E-03   2.99999993E-02
   1.39999998       2.84159053E-02   1.58409437E-03   2.99999993E-02
   1.50000000       2.83358619E-02   1.66413770E-03   2.99999993E-02
   1.60000002       2.82591190E-02   1.74088101E-03   2.99999993E-02
   1.70000005       2.81855185E-02   1.81448099E-03   2.99999993E-02
   1.80000007       2.81149130E-02   1.88508572E-03   2.99999993E-02
   1.89999998       2.80471649E-02   1.95283443E-03   2.99999993E-02
   2.00000000       2.79821400E-02   2.01785890E-03   2.99999993E-02
   2.10000014       2.79197153E-02   2.08028359E-03   2.99999993E-02
   2.20000005       2.78597735E-02   2.14022584E-03   2.99999993E-02
   2.29999995       2.78022029E-02   2.19779718E-03   2.99999993E-02
   2.40000010       2.77468972E-02   2.25310284E-03   2.99999993E-02
   2.50000000       2.76937578E-02   2.30624271E-03   3.00000012E-02
   2.60000014       2.76426896E-02   2.35731131E-03   3.00000012E-02
   2.70000005       2.75936034E-02   2.40639830E-03   3.00000012E-02
   2.79999995       2.75464132E-02   2.45358911E-03   3.00000031E-02
   2.90000010       2.75010373E-02   2.49896455E-03   3.00000012E-02
   3.00000000       2.74573993E-02   2.54260167E-03   3.00000012E-02
   3.10000014       2.74154264E-02   2.58457358E-03   2.99999993E-02
   3.20000005       2.73750499E-02   2.62494991E-03   2.99999993E-02
   3.29999995       2.73362026E-02   2.66379700E-03   2.99999993E-02
   3.40000010       2.72988211E-02   2.70117773E-03   2.99999993E-02
   3.50000000       2.72628460E-02   2.73715239E-03   2.99999975E-02
   3.60000014       2.72282194E-02   2.77177850E-03   2.99999975E-02
   3.70000005       2.71948874E-02   2.80511030E-03   2.99999975E-02
   3.79999995       2.71627977E-02   2.83720018E-03   2.99999975E-02
   3.90000010       2.71319002E-02   2.86809797E-03   2.99999975E-02
   4.00000000       2.71021463E-02   2.89785117E-03   2.99999975E-02
   4.09999990       2.70734914E-02   2.92650517E-03   2.99999975E-02
   4.20000029       2.70458926E-02   2.95410352E-03   2.99999956E-02
   4.30000019       2.70193089E-02   2.98068766E-03   2.99999975E-02
   4.40000010       2.69936994E-02   3.00629716E-03   2.99999975E-02
   4.50000000       2.69690268E-02   3.03096999E-03   2.99999975E-02
   4.59999990       2.69452538E-02   3.05474247E-03   2.99999956E-02
   4.70000029       2.69223470E-02   3.07764951E-03   2.99999975E-02
   4.80000019       2.69002728E-02   3.09972418E-03   2.99999975E-02
   4.90000010       2.68789977E-02   3.12099839E-03   2.99999956E-02
   5.00000000       2.68584937E-02   3.14150285E-03   2.99999975E-02
   5.09999990       2.68387292E-02   3.16126668E-03   2.99999956E-02
   5.20000029       2.68196780E-02   3.18031805E-03   2.99999956E-02
   5.30000019       2.68013123E-02   3.19868396E-03   2.99999956E-02
   5.40000010       2.67836060E-02   3.21639003E-03   2.99999956E-02
   5.50000000       2.67665349E-02   3.23346118E-03   2.99999956E-02
   5.59999990       2.67500747E-02   3.24992114E-03   2.99999956E-02
   5.70000029       2.67342031E-02   3.26579250E-03   2.99999956E-02
   5.80000019       2.67188977E-02   3.28109739E-03   2.99999956E-02
   5.90000010       2.67041381E-02   3.29585676E-03   2.99999956E-02
   6.00000000       2.66899038E-02   3.31009086E-03   2.99999937E-02
   6.09999990       2.66761761E-02   3.32381879E-03   2.99999956E-02
   6.20000029       2.66629346E-02   3.33705940E-03   2.99999937E-02
   6.30000019       2.66501643E-02   3.34983063E-03   2.99999956E-02
   6.40000010       2.66378447E-02   3.36214947E-03   2.99999937E-02
   6.50000000       2.66259611E-02   3.37403268E-03   2.99999937E-02
   6.59999990       2.66144983E-02   3.38549586E-03   2.99999937E-02
   6.70000029       2.66034398E-02   3.39655462E-03   2.99999937E-02
   6.80000019       2.65927706E-02   3.40722338E-03   2.99999937E-02
   6.90000010       2.65824776E-02   3.41751636E-03   2.99999937E-02
   7.00000000       2.65725460E-02   3.42744729E-03   2.99999937E-02
   7.09999990       2.65629645E-02   3.43702896E-03   2.99999937E-02
   7.20000029       2.65537202E-02   3.44627420E-03   2.99999937E-02
   7.30000019       2.65448000E-02   3.45519488E-03   2.99999956E-02
   7.40000010       2.65361927E-02   3.46380286E-03   2.99999956E-02
   7.50000000       2.65278872E-02   3.47210933E-03   2.99999975E-02
   7.59999990       2.65198722E-02   3.48012499E-03   2.99999975E-02
   7.70000029       2.65121367E-02   3.48786032E-03   2.99999975E-02
   7.80000019       2.65046712E-02   3.49532533E-03   2.99999975E-02
   7.90000010       2.64974665E-02   3.50252958E-03   2.99999956E-02
   8.00000000       2.64905132E-02   3.50948237E-03   2.99999956E-02
   8.10000038       2.64838021E-02   3.51619255E-03   2.99999937E-02
   8.19999981       2.64773257E-02   3.52266897E-03   2.99999937E-02
   8.30000019       2.64710747E-02   3.52891977E-03   2.99999937E-02
   8.40000057       2.64650416E-02   3.53495288E-03   2.99999937E-02
   8.50000000       2.64592189E-02   3.54077620E-03   2.99999956E-02
   8.60000038       2.64535975E-02   3.54639697E-03   2.99999937E-02
   8.69999981       2.64481716E-02   3.55182239E-03   2.99999937E-02
   8.80000019       2.64429338E-02   3.55705922E-03   2.99999937E-02
   8.90000057       2.64378786E-02   3.56211420E-03   2.99999937E-02
   9.00000000       2.64329985E-02   3.56699387E-03   2.99999919E-02
   9.10000038       2.64282878E-02   3.57170426E-03   2.99999919E-02
   9.19999981       2.64237411E-02   3.57625145E-03   2.99999919E-02
   9.30000019       2.64193509E-02   3.58064100E-03   2.99999919E-02
   9.40000057       2.64151134E-02   3.58487852E-03   2.99999919E-02
   9.50000000       2.64110230E-02   3.58896912E-03   2.99999919E-02
   9.60000038       2.64070742E-02   3.59291816E-03   2.99999919E-02
   9.69999981       2.64032613E-02   3.59673053E-03   2.99999919E-02
   9.80000019       2.63995808E-02   3.60041112E-03   2.99999919E-02
   9.90000057       2.63960268E-02   3.60396458E-03   2.99999919E-02
   10.0000000       2.63925958E-02   3.60739511E-03   2.99999900E-02
   10.1000004       2.63892841E-02   3.61070712E-03   2.99999919E-02
   10.1999998       2.63860859E-02   3.61390482E-03   2.99999900E-02
   10.3000002       2.63829995E-02   3.61699192E-03   2.99999919E-02
   10.4000006       2.63800193E-02   3.61997262E-03   2.99999919E-02
   10.5000000       2.63771415E-02   3.62285040E-03   2.99999919E-02
   10.6000004       2.63743624E-02   3.62562877E-03   2.99999919E-02
   10.6999998       2.63716802E-02   3.62831145E-03   2.99999919E-02
   10.8000002       2.63690893E-02   3.63090169E-03   2.99999900E-02
   10.9000006       2.63665877E-02   3.63340252E-03   2.99999900E-02
   11.0000000       2.63641737E-02   3.63581721E-03   2.99999900E-02
   11.1000004       2.63618417E-02   3.63814854E-03   2.99999900E-02
   11.1999998       2.63595898E-02   3.64039955E-03   2.99999900E-02
   11.3000002       2.63574161E-02   3.64257302E-03   2.99999900E-02
   11.4000006       2.63553169E-02   3.64467176E-03   2.99999882E-02
   11.5000000       2.63532903E-02   3.64669831E-03   2.99999882E-02
   11.6000004       2.63513327E-02   3.64865502E-03   2.99999882E-02
   11.6999998       2.63494439E-02   3.65054444E-03   2.99999882E-02
   11.8000002       2.63476204E-02   3.65236891E-03   2.99999900E-02
   11.9000006       2.63458584E-02   3.65413050E-03   2.99999882E-02
   12.0000000       2.63441578E-02   3.65583156E-03   2.99999900E-02
   12.1000004       2.63425149E-02   3.65747418E-03   2.99999900E-02
   12.1999998       2.63409298E-02   3.65906022E-03   2.99999900E-02
   12.3000002       2.63393987E-02   3.66059178E-03   2.99999900E-02
   12.4000006       2.63379198E-02   3.66207073E-03   2.99999900E-02
   12.5000000       2.63364911E-02   3.66349868E-03   2.99999900E-02
   12.6000004       2.63351128E-02   3.66487773E-03   2.99999900E-02
   12.6999998       2.63337810E-02   3.66620929E-03   2.99999900E-02
   12.8000002       2.63324957E-02   3.66749521E-03   2.99999900E-02
   12.9000006       2.63312533E-02   3.66873690E-03   2.99999900E-02
   13.0000000       2.63300538E-02   3.66993598E-03   2.99999900E-02
   13.1000004       2.63288952E-02   3.67109384E-03   2.99999900E-02
   13.1999998       2.63277777E-02   3.67221190E-03   2.99999900E-02
   13.3000002       2.63266973E-02   3.67329153E-03   2.99999882E-02
   13.4000006       2.63256542E-02   3.67433415E-03   2.99999882E-02
   13.5000000       2.63246465E-02   3.67534091E-03   2.99999882E-02
   13.6000004       2.63236742E-02   3.67631321E-03   2.99999882E-02
   13.6999998       2.63227355E-02   3.67725198E-03   2.99999882E-02
   13.8000002       2.63218284E-02   3.67815862E-03   2.99999863E-02
   13.9000006       2.63209529E-02   3.67903407E-03   2.99999863E-02
   14.0000000       2.63201073E-02   3.67987948E-03   2.99999863E-02
   14.1000004       2.63192914E-02   3.68069601E-03   2.99999882E-02
   14.1999998       2.63185035E-02   3.68148438E-03   2.99999882E-02
   14.3000002       2.63177417E-02   3.68224573E-03   2.99999882E-02
   14.4000006       2.63170060E-02   3.68298101E-03   2.99999863E-02
   14.5000000       2.63162963E-02   3.68369115E-03   2.99999882E-02
   14.6000004       2.63156109E-02   3.68437683E-03   2.99999882E-02
   14.6999998       2.63149478E-02   3.68503900E-03   2.99999863E-02
   14.8000002       2.63143089E-02   3.68567859E-03   2.99999882E-02
   14.9000006       2.63136905E-02   3.68629606E-03   2.99999863E-02
   15.0000000       2.63130944E-02   3.68689233E-03   2.99999863E-02
   15.1000004       2.63125189E-02   3.68746836E-03   2.99999863E-02
   15.1999998       2.63119619E-02   3.68802459E-03   2.99999863E-02
   15.3000002       2.63114255E-02   3.68856173E-03   2.99999863E-02
   15.4000006       2.63109077E-02   3.68908048E-03   2.99999882E-02
   15.5000000       2.63104066E-02   3.68958153E-03   2.99999882E-02
   15.6000004       2.63099223E-02   3.69006535E-03   2.99999882E-02
   15.6999998       2.63094548E-02   3.69053241E-03   2.99999863E-02
   15.8000002       2.63090041E-02   3.69098363E-03   2.99999882E-02
   15.9000006       2.63085682E-02   3.69141926E-03   2.99999882E-02
   16.0000000       2.63081472E-02   3.69183999E-03   2.99999863E-02
   16.1000004       2.63077412E-02   3.69224628E-03   2.99999882E-02
   16.2000008       2.63073482E-02   3.69263859E-03   2.99999863E-02
   16.3000011       2.63069700E-02   3.69301764E-03   2.99999882E-02
   16.3999996       2.63066050E-02   3.69338365E-03   2.99999882E-02
   16.5000000       2.63062511E-02   3.69373709E-03   2.99999882E-02
   16.6000004       2.63059102E-02   3.69407842E-03   2.99999882E-02
   16.7000008       2.63055805E-02   3.69440811E-03   2.99999882E-02
   16.8000011       2.63052620E-02   3.69472639E-03   2.99999882E-02
   16.8999996       2.63049547E-02   3.69503396E-03   2.99999882E-02
   17.0000000       2.63046585E-02   3.69533082E-03   2.99999900E-02
   17.1000004       2.63043717E-02   3.69561766E-03   2.99999900E-02
   17.2000008       2.63040941E-02   3.69589450E-03   2.99999882E-02
   17.3000011       2.63038259E-02   3.69616202E-03   2.99999882E-02
   17.3999996       2.63035670E-02   3.69642023E-03   2.99999863E-02
   17.5000000       2.63033174E-02   3.69666959E-03   2.99999863E-02
   17.6000004       2.63030771E-02   3.69691057E-03   2.99999882E-02
   17.7000008       2.63028443E-02   3.69714317E-03   2.99999882E-02
   17.8000011       2.63026189E-02   3.69736785E-03   2.99999863E-02
   17.8999996       2.63024028E-02   3.69758485E-03   2.99999882E-02
   18.0000000       2.63021942E-02   3.69779440E-03   2.99999882E-02
   18.1000004       2.63019912E-02   3.69799673E-03   2.99999882E-02
   18.2000008       2.63017956E-02   3.69819207E-03   2.99999882E-02
   18.3000011       2.63016075E-02   3.69838090E-03   2.99999882E-02
   18.3999996       2.63014250E-02   3.69856320E-03   2.99999882E-02
   18.5000000       2.63012480E-02   3.69873922E-03   2.99999863E-02
   18.6000004       2.63010785E-02   3.69890919E-03   2.99999882E-02
   18.7000008       2.63009146E-02   3.69907334E-03   2.99999882E-02
   18.8000011       2.63007563E-02   3.69923189E-03   2.99999882E-02
   18.8999996       2.63006035E-02   3.69938510E-03   2.99999882E-02
   19.0000000       2.63004564E-02   3.69953294E-03   2.99999900E-02
   19.1000004       2.63003130E-02   3.69967567E-03   2.99999882E-02
   19.2000008       2.63001751E-02   3.69981350E-03   2.99999882E-02
   19.3000011       2.63000410E-02   3.69994668E-03   2.99999882E-02
   19.3999996       2.62999125E-02   3.70007521E-03   2.99999882E-02
   19.5000000       2.62997877E-02   3.70019954E-03   2.99999863E-02
   19.6000004       2.62996685E-02   3.70031944E-03   2.99999882E-02
   19.7000008       2.62995530E-02   3.70043539E-03   2.99999882E-02
   19.8000011       2.62994412E-02   3.70054739E-03   2.99999882E-02
   19.8999996       2.62993332E-02   3.70065542E-03   2.99999882E-02
   20.0000000       2.62992289E-02   3.70075973E-03   2.99999882E-02
   20.1000004       2.62991283E-02   3.70086054E-03   2.99999882E-02
   20.2000008       2.62990315E-02   3.70095787E-03   2.99999900E-02
   20.3000011       2.62989383E-02   3.70105193E-03   2.99999900E-02
   20.3999996       2.62988470E-02   3.70114273E-03   2.99999900E-02
   20.5000000       2.62987595E-02   3.70123051E-03   2.99999900E-02
   20.6000004       2.62986757E-02   3.70131526E-03   2.99999900E-02
   20.7000008       2.62985937E-02   3.70139698E-03   2.99999900E-02
   20.8000011       2.62985155E-02   3.70147591E-03   2.99999919E-02
   20.8999996       2.62984391E-02   3.70155228E-03   2.99999919E-02
   21.0000000       2.62983646E-02   3.70162586E-03   2.99999900E-02
   21.1000004       2.62982938E-02   3.70169710E-03   2.99999900E-02
   21.2000008       2.62982249E-02   3.70176579E-03   2.99999900E-02
   21.3000011       2.62981579E-02   3.70183215E-03   2.99999900E-02
   21.3999996       2.62980945E-02   3.70189617E-03   2.99999900E-02
   21.5000000       2.62980331E-02   3.70195811E-03   2.99999919E-02
   21.6000004       2.62979735E-02   3.70201794E-03   2.99999919E-02
   21.7000008       2.62979157E-02   3.70207569E-03   2.99999919E-02
   21.8000011       2.62978598E-02   3.70213133E-03   2.99999919E-02
   21.8999996       2.62978058E-02   3.70218512E-03   2.99999900E-02
   22.0000000       2.62977537E-02   3.70223704E-03   2.99999900E-02
   22.1000004       2.62977034E-02   3.70228733E-03   2.99999900E-02
   22.2000008       2.62976550E-02   3.70233576E-03   2.99999900E-02
   22.3000011       2.62976084E-02   3.70238256E-03   2.99999900E-02
   22.3999996       2.62975637E-02   3.70242773E-03   2.99999919E-02
   22.5000000       2.62975208E-02   3.70247150E-03   2.99999919E-02
   22.6000004       2.62974780E-02   3.70251364E-03   2.99999919E-02
   22.7000008       2.62974370E-02   3.70255439E-03   2.99999919E-02
   22.8000011       2.62973979E-02   3.70259373E-03   2.99999919E-02
   22.8999996       2.62973607E-02   3.70263169E-03   2.99999919E-02
   23.0000000       2.62973234E-02   3.70266847E-03   2.99999919E-02
   23.1000004       2.62972880E-02   3.70270386E-03   2.99999919E-02
   23.2000008       2.62972545E-02   3.70273809E-03   2.99999919E-02
   23.3000011       2.62972210E-02   3.70277115E-03   2.99999919E-02
   23.3999996       2.62971893E-02   3.70280305E-03   2.99999919E-02
   23.5000000       2.62971576E-02   3.70283378E-03   2.99999919E-02
   23.6000004       2.62971278E-02   3.70286359E-03   2.99999919E-02
   23.7000008       2.62970999E-02   3.70289246E-03   2.99999919E-02
   23.8000011       2.62970719E-02   3.70292016E-03   2.99999919E-02
   23.8999996       2.62970459E-02   3.70294694E-03   2.99999937E-02
   24.0000000       2.62970198E-02   3.70297278E-03   2.99999919E-02
   24.1000004       2.62969956E-02   3.70299793E-03   2.99999937E-02
   24.2000008       2.62969714E-02   3.70302214E-03   2.99999937E-02
   24.3000011       2.62969472E-02   3.70304543E-03   2.99999919E-02
   24.3999996       2.62969248E-02   3.70306801E-03   2.99999937E-02
   24.5000000       2.62969024E-02   3.70308966E-03   2.99999919E-02
   24.6000004       2.62968820E-02   3.70311062E-03   2.99999919E-02
   24.7000008       2.62968615E-02   3.70313087E-03   2.99999919E-02
   24.8000011       2.62968410E-02   3.70315043E-03   2.99999919E-02
   24.8999996       2.62968224E-02   3.70316929E-03   2.99999919E-02
   25.0000000       2.62968037E-02   3.70318769E-03   2.99999919E-02
   25.1000004       2.62967870E-02   3.70320538E-03   2.99999919E-02
   25.2000008       2.62967702E-02   3.70322238E-03   2.99999919E-02
   25.3000011       2.62967534E-02   3.70323891E-03   2.99999919E-02
   25.3999996       2.62967367E-02   3.70325474E-03   2.99999919E-02
   25.5000000       2.62967218E-02   3.70327011E-03   2.99999919E-02
   25.6000004       2.62967069E-02   3.70328501E-03   2.99999919E-02
   25.7000008       2.62966920E-02   3.70329944E-03   2.99999919E-02
   25.8000011       2.62966789E-02   3.70331318E-03   2.99999919E-02
   25.8999996       2.62966659E-02   3.70332645E-03   2.99999919E-02
   26.0000000       2.62966529E-02   3.70333926E-03   2.99999919E-02
   26.1000004       2.62966398E-02   3.70335183E-03   2.99999919E-02
   26.2000008       2.62966286E-02   3.70336394E-03   2.99999919E-02
   26.3000011       2.62966175E-02   3.70337558E-03   2.99999937E-02
   26.3999996       2.62966063E-02   3.70338676E-03   2.99999937E-02
   26.5000000       2.62965951E-02   3.70339770E-03   2.99999937E-02
   26.6000004       2.62965839E-02   3.70340818E-03   2.99999919E-02
   26.7000008       2.62965746E-02   3.70341819E-03   2.99999937E-02
   26.8000011       2.62965653E-02   3.70342797E-03   2.99999937E-02
   26.8999996       2.62965560E-02   3.70343751E-03   2.99999937E-02
   27.0000000       2.62965467E-02   3.70344659E-03   2.99999937E-02
   27.1000004       2.62965374E-02   3.70345544E-03   2.99999937E-02
   27.2000008       2.62965281E-02   3.70346406E-03   2.99999919E-02
   27.3000011       2.62965206E-02   3.70347220E-03   2.99999937E-02
   27.3999996       2.62965132E-02   3.70348012E-03   2.99999937E-02
   27.5000000       2.62965057E-02   3.70348780E-03   2.99999937E-02
   27.6000004       2.62964983E-02   3.70349525E-03   2.99999937E-02
   27.7000008       2.62964908E-02   3.70350247E-03   2.99999937E-02
   27.8000011       2.62964834E-02   3.70350946E-03   2.99999937E-02
   27.8999996       2.62964759E-02   3.70351621E-03   2.99999919E-02
   28.0000000       2.62964703E-02   3.70352273E-03   2.99999937E-02
   28.1000004       2.62964647E-02   3.70352902E-03   2.99999937E-02
   28.2000008       2.62964591E-02   3.70353507E-03   2.99999937E-02
   28.3000011       2.62964536E-02   3.70354089E-03   2.99999937E-02
   28.3999996       2.62964480E-02   3.70354648E-03   2.99999937E-02
   28.5000000       2.62964424E-02   3.70355183E-03   2.99999937E-02
   28.6000004       2.62964368E-02   3.70355695E-03   2.99999937E-02
   28.7000008       2.62964312E-02   3.70356208E-03   2.99999937E-02
   28.8000011       2.62964256E-02   3.70356697E-03   2.99999919E-02
   28.8999996       2.62964200E-02   3.70357162E-03   2.99999919E-02
   29.0000000       2.62964163E-02   3.70357605E-03   2.99999919E-02
   29.1000004       2.62964126E-02   3.70358047E-03   2.99999937E-02
   29.2000008       2.62964088E-02   3.70358466E-03   2.99999937E-02
   29.3000011       2.62964051E-02   3.70358885E-03   2.99999937E-02
   29.3999996       2.62964014E-02   3.70359281E-03   2.99999937E-02
   29.5000000       2.62963977E-02   3.70359654E-03   2.99999937E-02
   29.6000004       2.62963939E-02   3.70360026E-03   2.99999937E-02
   29.7000008       2.62963902E-02   3.70360375E-03   2.99999937E-02
   29.8000011       2.62963865E-02   3.70360725E-03   2.99999937E-02
   29.8999996       2.62963828E-02   3.70361051E-03   2.99999937E-02
   30.0000000       2.62963790E-02   3.70361377E-03   2.99999937E-02
   30.1000004       2.62963753E-02   3.70361679E-03   2.99999919E-02
   30.2000008       2.62963716E-02   3.70361982E-03   2.99999919E-02
   30.3000011       2.62963679E-02   3.70362261E-03   2.99999900E-02
   30.3999996       2.62963660E-02   3.70362541E-03   2.99999919E-02
   30.5000000       2.62963641E-02   3.70362820E-03   2.99999919E-02
   30.6000004       2.62963623E-02   3.70363076E-03   2.99999937E-02
   30.7000008       2.62963604E-02   3.70363332E-03   2.99999937E-02
   30.8000011       2.62963586E-02   3.70363565E-03   2.99999937E-02
   30.8999996       2.62963567E-02   3.70363798E-03   2.99999937E-02
   31.0000000       2.62963548E-02   3.70364031E-03   2.99999956E-02
   31.1000004       2.62963530E-02   3.70364240E-03   2.99999956E-02
   31.2000008       2.62963511E-02   3.70364450E-03   2.99999956E-02
   31.3000011       2.62963492E-02   3.70364659E-03   2.99999956E-02
   31.3999996       2.62963474E-02   3.70364846E-03   2.99999956E-02
   31.5000000       2.62963455E-02   3.70365032E-03   2.99999956E-02
   31.6000004       2.62963437E-02   3.70365218E-03   2.99999956E-02
   31.7000008       2.62963418E-02   3.70365405E-03   2.99999956E-02
   31.8000011       2.62963399E-02   3.70365568E-03   2.99999956E-02
   31.8999996       2.62963381E-02   3.70365730E-03   2.99999956E-02
   32.0000000       2.62963362E-02   3.70365893E-03   2.99999956E-02
   32.1000023       2.62963343E-02   3.70366056E-03   2.99999956E-02
   32.2000008       2.62963325E-02   3.70366196E-03   2.99999937E-02
   32.2999992       2.62963306E-02   3.70366336E-03   2.99999937E-02
   32.4000015       2.62963288E-02   3.70366476E-03   2.99999937E-02
   32.5000000       2.62963269E-02   3.70366615E-03   2.99999937E-02
   32.6000023       2.62963250E-02   3.70366755E-03   2.99999919E-02
   32.7000008       2.62963232E-02   3.70366871E-03   2.99999919E-02
   32.7999992       2.62963213E-02   3.70366988E-03   2.99999919E-02
   32.9000015       2.62963194E-02   3.70367104E-03   2.99999900E-02
   33.0000000       2.62963176E-02   3.70367221E-03   2.99999900E-02
   33.1000023       2.62963157E-02   3.70367337E-03   2.99999900E-02
   33.2000008       2.62963139E-02   3.70367453E-03   2.99999882E-02
   33.2999992       2.62963120E-02   3.70367547E-03   2.99999882E-02
   33.4000015       2.62963101E-02   3.70367640E-03   2.99999863E-02
   33.5000000       2.62963083E-02   3.70367733E-03   2.99999863E-02
   33.6000023       2.62963083E-02   3.70367826E-03   2.99999863E-02
   33.7000008       2.62963083E-02   3.70367919E-03   2.99999882E-02
   33.7999992       2.62963083E-02   3.70368012E-03   2.99999882E-02
   33.9000015       2.62963083E-02   3.70368105E-03   2.99999900E-02
   34.0000000       2.62963083E-02   3.70368175E-03   2.99999900E-02
   34.1000023       2.62963083E-02   3.70368245E-03   2.99999900E-02
   34.2000008       2.62963083E-02   3.70368315E-03   2.99999919E-02
   34.2999992       2.62963083E-02   3.70368385E-03   2.99999919E-02
   34.4000015       2.62963083E-02   3.70368455E-03   2.99999937E-02
   34.5000000       2.62963083E-02   3.70368524E-03   2.99999937E-02
   34.6000023       2.62963083E-02   3.70368594E-03   2.99999937E-02
   34.7000008       2.62963083E-02   3.70368664E-03   2.99999956E-02
   34.7999992       2.62963083E-02   3.70368734E-03   2.99999956E-02
   34.9000015       2.62963083E-02   3.70368781E-03   2.99999956E-02
   35.0000000       2.62963083E-02   3.70368827E-03   2.99999975E-02
   35.1000023       2.62963083E-02   3.70368874E-03   2.99999975E-02
   35.2000008       2.62963083E-02   3.70368920E-03   2.99999975E-02
   35.2999992       2.62963083E-02   3.70368967E-03   2.99999975E-02
   35.4000015       2.62963083E-02   3.70369013E-03   2.99999975E-02
   35.5000000       2.62963083E-02   3.70369060E-03   2.99999993E-02
   35.6000023       2.62963083E-02   3.70369107E-03   2.99999993E-02
   35.7000008       2.62963083E-02   3.70369153E-03   2.99999993E-02
   35.7999992       2.62963083E-02   3.70369200E-03   3.00000012E-02
   35.9000015       2.62963083E-02   3.70369246E-03   3.00000012E-02
   36.0000000       2.62963083E-02   3.70369293E-03   3.00000012E-02
   36.1000023       2.62963083E-02   3.70369339E-03   3.00000012E-02
   36.2000008       2.62963083E-02   3.70369386E-03   3.00000012E-02
   36.2999992       2.62963083E-02   3.70369409E-03   3.00000031E-02
   36.4000015       2.62963083E-02   3.70369432E-03   3.00000031E-02
   36.5000000       2.62963083E-02   3.70369456E-03   3.00000031E-02
   36.6000023       2.62963083E-02   3.70369479E-03   3.00000031E-02
   36.7000008       2.62963083E-02   3.70369502E-03   3.00000031E-02
   36.7999992       2.62963083E-02   3.70369526E-03   3.00000031E-02
   36.9000015       2.62963083E-02   3.70369549E-03   3.00000031E-02
   37.0000000       2.62963083E-02   3.70369572E-03   3.00000049E-02
   37.1000023       2.62963083E-02   3.70369595E-03   3.00000049E-02
   37.2000008       2.62963083E-02   3.70369619E-03   3.00000049E-02
   37.2999992       2.62963083E-02   3.70369642E-03   3.00000049E-02
   37.4000015       2.62963083E-02   3.70369665E-03   3.00000049E-02
   37.5000000       2.62963083E-02   3.70369689E-03   3.00000049E-02
   37.6000023       2.62963083E-02   3.70369712E-03   3.00000049E-02
   37.7000008       2.62963083E-02   3.70369735E-03   3.00000049E-02
   37.7999992       2.62963083E-02   3.70369758E-03   3.00000049E-02
   37.9000015       2.62963083E-02   3.70369782E-03   3.00000068E-02
   38.0000000       2.62963083E-02   3.70369805E-03   3.00000068E-02
   38.1000023       2.62963083E-02   3.70369828E-03   3.00000068E-02
   38.2000008       2.62963083E-02   3.70369852E-03   3.00000068E-02
   38.2999992       2.62963083E-02   3.70369875E-03   3.00000068E-02
   38.4000015       2.62963083E-02   3.70369898E-03   3.00000068E-02
   38.5000000       2.62963083E-02   3.70369921E-03   3.00000068E-02
   38.6000023       2.62963083E-02   3.70369945E-03   3.00000086E-02
   38.7000008       2.62963083E-02   3.70369968E-03   3.00000086E-02
   38.7999992       2.62963083E-02   3.70369991E-03   3.00000086E-02
   38.9000015       2.62963083E-02   3.70370015E-03   3.00000086E-02
   39.0000000       2.62963083E-02   3.70370038E-03   3.00000086E-02
   39.1000023       2.62963083E-02   3.70370061E-03   3.00000086E-02
   39.2000008       2.62963083E-02   3.70370061E-03   3.00000086E-02
   39.2999992       2.62963083E-02   3.70370061E-03   3.00000086E-02
   39.4000015       2.62963083E-02   3.70370061E-03   3.00000086E-02
   39.5000000       2.62963083E-02   3.70370061E-03   3.00000086E-02
   39.6000023       2.62963083E-02   3.70370061E-03   3.00000086E-02
   39.7000008       2.62963083E-02   3.70370061E-03   3.00000086E-02
   39.7999992       2.62963083E-02   3.70370061E-03   3.00000086E-02
   39.9000015       2.62963083E-02   3.70370061E-03   3.00000086E-02
   40.0000000       2.62963083E-02   3.70370061E-03   3.00000086E-02
   40.1000023       2.62963083E-02   3.70370061E-03   3.00000086E-02
   40.2000008       2.62963083E-02   3.70370061E-03   3.00000086E-02
   40.2999992       2.62963083E-02   3.70370061E-03   3.00000086E-02
   40.4000015       2.62963083E-02   3.70370061E-03   3.00000086E-02
   40.5000000       2.62963083E-02   3.70370061E-03   3.00000086E-02
   40.6000023       2.62963083E-02   3.70370061E-03   3.00000086E-02
   40.7000008       2.62963083E-02   3.70370061E-03   3.00000086E-02
   40.7999992       2.62963083E-02   3.70370061E-03   3.00000086E-02
   40.9000015       2.62963083E-02   3.70370061E-03   3.00000086E-02
   41.0000000       2.62963083E-02   3.70370061E-03   3.00000086E-02
   41.1000023       2.62963083E-02   3.70370061E-03   3.00000086E-02
   41.2000008       2.62963083E-02   3.70370061E-03   3.00000086E-02
   41.2999992       2.62963083E-02   3.70370061E-03   3.00000086E-02
   41.4000015       2.62963083E-02   3.70370061E-03   3.00000086E-02
   41.5000000       2.62963083E-02   3.70370061E-03   3.00000086E-02
   41.6000023       2.62963083E-02   3.70370061E-03   3.00000086E-02
   41.7000008       2.62963083E-02   3.70370061E-03   3.00000086E-02
   41.7999992       2.62963083E-02   3.70370061E-03   3.00000086E-02
   41.9000015       2.62963083E-02   3.70370061E-03   3.00000086E-02
   42.0000000       2.62963083E-02   3.70370061E-03   3.00000086E-02
   42.1000023       2.62963083E-02   3.70370061E-03   3.00000086E-02
   42.2000008       2.62963083E-02   3.70370061E-03   3.00000086E-02
   42.2999992       2.62963083E-02   3.70370061E-03   3.00000086E-02
   42.4000015       2.62963083E-02   3.70370061E-03   3.00000086E-02
   42.5000000       2.62963083E-02   3.70370061E-03   3.00000086E-02
   42.6000023       2.62963083E-02   3.70370061E-03   3.00000086E-02
   42.7000008       2.62963083E-02   3.70370061E-03   3.00000086E-02
   42.7999992       2.62963083E-02   3.70370061E-03   3.00000086E-02
   42.9000015       2.62963083E-02   3.70370061E-03   3.00000086E-02
   43.0000000       2.62963083E-02   3.70370061E-03   3.00000086E-02
   43.1000023       2.62963083E-02   3.70370061E-03   3.00000086E-02
   43.2000008       2.62963083E-02   3.70370061E-03   3.00000086E-02
   43.2999992       2.62963083E-02   3.70370061E-03   3.00000086E-02
   43.4000015       2.62963083E-02   3.70370061E-03   3.00000086E-02
   43.5000000       2.62963083E-02   3.70370061E-03   3.00000086E-02
   43.6000023       2.62963083E-02   3.70370061E-03   3.00000086E-02
   43.7000008       2.62963083E-02   3.70370061E-03   3.00000086E-02
   43.7999992       2.62963083E-02   3.70370061E-03   3.00000086E-02
   43.9000015       2.62963083E-02   3.70370061E-03   3.00000086E-02
   44.0000000       2.62963083E-02   3.70370061E-03   3.00000086E-02
   44.1000023       2.62963083E-02   3.70370061E-03   3.00000086E-02
   44.2000008       2.62963083E-02   3.70370061E-03   3.00000086E-02
   44.2999992       2.62963083E-02   3.70370061E-03   3.00000086E-02
   44.4000015       2.62963083E-02   3.70370061E-03   3.00000086E-02
   44.5000000       2.62963083E-02   3.70370061E-03   3.00000086E-02
   44.6000023       2.62963083E-02   3.70370061E-03   3.00000086E-02
   44.7000008       2.62963083E-02   3.70370061E-03   3.00000086E-02
   44.7999992       2.62963083E-02   3.70370061E-03   3.00000086E-02
   44.9000015       2.62963083E-02   3.70370061E-03   3.00000086E-02
   45.0000000       2.62963083E-02   3.70370061E-03   3.00000086E-02
   45.1000023       2.62963083E-02   3.70370061E-03   3.00000086E-02
   45.2000008       2.62963083E-02   3.70370061E-03   3.00000086E-02
   45.2999992       2.62963083E-02   3.70370061E-03   3.00000086E-02
   45.4000015       2.62963083E-02   3.70370061E-03   3.00000086E-02
   45.5000000       2.62963083E-02   3.70370061E-03   3.00000086E-02
   45.6000023       2.62963083E-02   3.70370061E-03   3.00000086E-02
   45.7000008       2.62963083E-02   3.70370061E-03   3.00000086E-02
   45.7999992       2.62963083E-02   3.70370061E-03   3.00000086E-02
   45.9000015       2.62963083E-02   3.70370061E-03   3.00000086E-02
   46.0000000       2.62963083E-02   3.70370061E-03   3.00000086E-02
   46.1000023       2.62963083E-02   3.70370061E-03   3.00000086E-02
   46.2000008       2.62963083E-02   3.70370061E-03   3.00000086E-02
   46.2999992       2.62963083E-02   3.70370061E-03   3.00000086E-02
   46.4000015       2.62963083E-02   3.70370061E-03   3.00000086E-02
   46.5000000       2.62963083E-02   3.70370061E-03   3.00000086E-02
   46.6000023       2.62963083E-02   3.70370061E-03   3.00000086E-02
   46.7000008       2.62963083E-02   3.70370061E-03   3.00000086E-02
   46.7999992       2.62963083E-02   3.70370061E-03   3.00000086E-02
   46.9000015       2.62963083E-02   3.70370061E-03   3.00000086E-02
   47.0000000       2.62963083E-02   3.70370061E-03   3.00000086E-02
   47.1000023       2.62963083E-02   3.70370061E-03   3.00000086E-02
   47.2000008       2.62963083E-02   3.70370061E-03   3.00000086E-02
   47.2999992       2.62963083E-02   3.70370061E-03   3.00000086E-02
   47.4000015       2.62963083E-02   3.70370061E-03   3.00000086E-02
   47.5000000       2.62963083E-02   3.70370061E-03   3.00000086E-02
   47.6000023       2.62963083E-02   3.70370061E-03   3.00000086E-02
   47.7000008       2.62963083E-02   3.70370061E-03   3.00000086E-02
   47.7999992       2.62963083E-02   3.70370061E-03   3.00000086E-02
   47.9000015       2.62963083E-02   3.70370061E-03   3.00000086E-02
   48.0000000       2.62963083E-02   3.70370061E-03   3.00000086E-02
   48.1000023       2.62963083E-02   3.70370061E-03   3.00000086E-02
   48.2000008       2.62963083E-02   3.70370061E-03   3.00000086E-02
   48.2999992       2.62963083E-02   3.70370061E-03   3.00000086E-02
   48.4000015       2.62963083E-02   3.70370061E-03   3.00000086E-02
   48.5000000       2.62963083E-02   3.70370061E-03   3.00000086E-02
   48.6000023       2.62963083E-02   3.70370061E-03   3.00000086E-02
   48.7000008       2.62963083E-02   3.70370061E-03   3.00000086E-02
   48.7999992       2.62963083E-02   3.70370061E-03   3.00000086E-02
   48.9000015       2.62963083E-02   3.70370061E-03   3.00000086E-02
   49.0000000       2.62963083E-02   3.70370061E-03   3.00000086E-02
   49.1000023       2.62963083E-02   3.70370061E-03   3.00000086E-02
   49.2000008       2.62963083E-02   3.70370061E-03   3.00000086E-02
   49.2999992       2.62963083E-02   3.70370061E-03   3.00000086E-02
   49.4000015       2.62963083E-02   3.70370061E-03   3.00000086E-02
   49.5000000       2.62963083E-02   3.70370061E-03   3.00000086E-02
   49.6000023       2.62963083E-02   3.70370061E-03   3.00000086E-02
   49.7000008       2.62963083E-02   3.70370061E-03   3.00000086E-02
   49.7999992       2.62963083E-02   3.70370061E-03   3.00000086E-02
   49.9000015       2.62963083E-02   3.70370061E-03   3.00000086E-02
   50.0000000       2.62963083E-02   3.70370061E-03   3.00000086E-02
   50.1000023       2.62963083E-02   3.70370061E-03   3.00000086E-02
   50.2000008       2.62963083E-02   3.70370061E-03   3.00000086E-02
   50.2999992       2.62963083E-02   3.70370061E-03   3.00000086E-02
   50.4000015       2.62963083E-02   3.70370061E-03   3.00000086E-02
   50.5000000       2.62963083E-02   3.70370061E-03   3.00000086E-02
   50.6000023       2.62963083E-02   3.70370061E-03   3.00000086E-02
   50.7000008       2.62963083E-02   3.70370061E-03   3.00000086E-02
   50.7999992       2.62963083E-02   3.70370061E-03   3.00000086E-02
   50.9000015       2.62963083E-02   3.70370061E-03   3.00000086E-02
   51.0000000       2.62963083E-02   3.70370061E-03   3.00000086E-02
   51.1000023       2.62963083E-02   3.70370061E-03   3.00000086E-02
   51.2000008       2.62963083E-02   3.70370061E-03   3.00000086E-02
   51.2999992       2.62963083E-02   3.70370061E-03   3.00000086E-02
   51.4000015       2.62963083E-02   3.70370061E-03   3.00000086E-02
   51.5000000       2.62963083E-02   3.70370061E-03   3.00000086E-02
   51.6000023       2.62963083E-02   3.70370061E-03   3.00000086E-02
   51.7000008       2.62963083E-02   3.70370061E-03   3.00000086E-02
   51.7999992       2.62963083E-02   3.70370061E-03   3.00000086E-02
   51.9000015       2.62963083E-02   3.70370061E-03   3.00000086E-02
   52.0000000       2.62963083E-02   3.70370061E-03   3.00000086E-02
   52.1000023       2.62963083E-02   3.70370061E-03   3.00000086E-02
   52.2000008       2.62963083E-02   3.70370061E-03   3.00000086E-02
   52.2999992       2.62963083E-02   3.70370061E-03   3.00000086E-02
   52.4000015       2.62963083E-02   3.70370061E-03   3.00000086E-02
   52.5000000       2.62963083E-02   3.70370061E-03   3.00000086E-02
   52.6000023       2.62963083E-02   3.70370061E-03   3.00000086E-02
   52.7000008       2.62963083E-02   3.70370061E-03   3.00000086E-02
   52.7999992       2.62963083E-02   3.70370061E-03   3.00000086E-02
   52.9000015       2.62963083E-02   3.70370061E-03   3.00000086E-02
   53.0000000       2.62963083E-02   3.70370061E-03   3.00000086E-02
   53.1000023       2.62963083E-02   3.70370061E-03   3.00000086E-02
   53.2000008       2.62963083E-02   3.70370061E-03   3.00000086E-02
   53.2999992       2.62963083E-02   3.70370061E-03   3.00000086E-02
   53.4000015       2.62963083E-02   3.70370061E-03   3.00000086E-02
   53.5000000       2.62963083E-02   3.70370061E-03   3.00000086E-02
   53.6000023       2.62963083E-02   3.70370061E-03   3.00000086E-02
   53.7000008       2.62963083E-02   3.70370061E-03   3.00000086E-02
   53.7999992       2.62963083E-02   3.70370061E-03   3.00000086E-02
   53.9000015       2.62963083E-02   3.70370061E-03   3.00000086E-02
   54.0000000       2.62963083E-02   3.70370061E-03   3.00000086E-02
   54.1000023       2.62963083E-02   3.70370061E-03   3.00000086E-02
   54.2000008       2.62963083E-02   3.70370061E-03   3.00000086E-02
   54.2999992       2.62963083E-02   3.70370061E-03   3.00000086E-02
   54.4000015       2.62963083E-02   3.70370061E-03   3.00000086E-02
   54.5000000       2.62963083E-02   3.70370061E-03   3.00000086E-02
   54.6000023       2.62963083E-02   3.70370061E-03   3.00000086E-02
   54.7000008       2.62963083E-02   3.70370061E-03   3.00000086E-02
   54.7999992       2.62963083E-02   3.70370061E-03   3.00000086E-02
   54.9000015       2.62963083E-02   3.70370061E-03   3.00000086E-02
   55.0000000       2.62963083E-02   3.70370061E-03   3.00000086E-02
   55.1000023       2.62963083E-02   3.70370061E-03   3.00000086E-02
   55.2000008       2.62963083E-02   3.70370061E-03   3.00000086E-02
   55.2999992       2.62963083E-02   3.70370061E-03   3.00000086E-02
   55.4000015       2.62963083E-02   3.70370061E-03   3.00000086E-02
   55.5000000       2.62963083E-02   3.70370061E-03   3.00000086E-02
   55.6000023       2.62963083E-02   3.70370061E-03   3.00000086E-02
   55.7000008       2.62963083E-02   3.70370061E-03   3.00000086E-02
   55.7999992       2.62963083E-02   3.70370061E-03   3.00000086E-02
   55.9000015       2.62963083E-02   3.70370061E-03   3.00000086E-02
   56.0000000       2.62963083E-02   3.70370061E-03   3.00000086E-02
   56.1000023       2.62963083E-02   3.70370061E-03   3.00000086E-02
   56.2000008       2.62963083E-02   3.70370061E-03   3.00000086E-02
   56.2999992       2.62963083E-02   3.70370061E-03   3.00000086E-02
   56.4000015       2.62963083E-02   3.70370061E-03   3.00000086E-02
   56.5000000       2.62963083E-02   3.70370061E-03   3.00000086E-02
   56.6000023       2.62963083E-02   3.70370061E-03   3.00000086E-02
   56.7000008       2.62963083E-02   3.70370061E-03   3.00000086E-02
   56.7999992       2.62963083E-02   3.70370061E-03   3.00000086E-02
   56.9000015       2.62963083E-02   3.70370061E-03   3.00000086E-02
   57.0000000       2.62963083E-02   3.70370061E-03   3.00000086E-02
   57.1000023       2.62963083E-02   3.70370061E-03   3.00000086E-02
   57.2000008       2.62963083E-02   3.70370061E-03   3.00000086E-02
   57.2999992       2.62963083E-02   3.70370061E-03   3.00000086E-02
   57.4000015       2.62963083E-02   3.70370061E-03   3.00000086E-02
   57.5000000       2.62963083E-02   3.70370061E-03   3.00000086E-02
   57.6000023       2.62963083E-02   3.70370061E-03   3.00000086E-02
   57.7000008       2.62963083E-02   3.70370061E-03   3.00000086E-02
   57.7999992       2.62963083E-02   3.70370061E-03   3.00000086E-02
   57.9000015       2.62963083E-02   3.70370061E-03   3.00000086E-02
   58.0000000       2.62963083E-02   3.70370061E-03   3.00000086E-02
   58.1000023       2.62963083E-02   3.70370061E-03   3.00000086E-02
   58.2000008       2.62963083E-02   3.70370061E-03   3.00000086E-02
   58.2999992       2.62963083E-02   3.70370061E-03   3.00000086E-02
   58.4000015       2.62963083E-02   3.70370061E-03   3.00000086E-02
   58.5000000       2.62963083E-02   3.70370061E-03   3.00000086E-02
   58.6000023       2.62963083E-02   3.70370061E-03   3.00000086E-02
   58.7000008       2.62963083E-02   3.70370061E-03   3.00000086E-02
   58.7999992       2.62963083E-02   3.70370061E-03   3.00000086E-02
   58.9000015       2.62963083E-02   3.70370061E-03   3.00000086E-02
   59.0000000       2.62963083E-02   3.70370061E-03   3.00000086E-02
   59.1000023       2.62963083E-02   3.70370061E-03   3.00000086E-02
   59.2000008       2.62963083E-02   3.70370061E-03   3.00000086E-02
   59.2999992       2.62963083E-02   3.70370061E-03   3.00000086E-02
   59.4000015       2.62963083E-02   3.70370061E-03   3.00000086E-02
   59.5000000       2.62963083E-02   3.70370061E-03   3.00000086E-02
   59.6000023       2.62963083E-02   3.70370061E-03   3.00000086E-02
   59.7000008       2.62963083E-02   3.70370061E-03   3.00000086E-02
   59.7999992       2.62963083E-02   3.70370061E-03   3.00000086E-02
   59.9000015       2.62963083E-02   3.70370061E-03   3.00000086E-02
   60.0000000       2.62963083E-02   3.70370061E-03   3.00000086E-02
   60.1000023       2.62963083E-02   3.70370061E-03   3.00000086E-02
   60.2000008       2.62963083E-02   3.70370061E-03   3.00000086E-02
   60.2999992       2.62963083E-02   3.70370061E-03   3.00000086E-02
   60.4000015       2.62963083E-02   3.70370061E-03   3.00000086E-02
   60.5000000       2.62963083E-02   3.70370061E-03   3.00000086E-02
   60.6000023       2.62963083E-02   3.70370061E-03   3.00000086E-02
   60.7000008       2.62963083E-02   3.70370061E-03   3.00000086E-02
   60.7999992       2.62963083E-02   3.70370061E-03   3.00000086E-02
   60.9000015       2.62963083E-02   3.70370061E-03   3.00000086E-02
   61.0000000       2.62963083E-02   3.70370061E-03   3.00000086E-02
   61.1000023       2.62963083E-02   3.70370061E-03   3.00000086E-02
   61.2000008       2.62963083E-02   3.70370061E-03   3.00000086E-02
   61.2999992       2.62963083E-02   3.70370061E-03   3.00000086E-02
   61.4000015       2.62963083E-02   3.70370061E-03   3.00000086E-02
   61.5000000       2.62963083E-02   3.70370061E-03   3.00000086E-02
   61.6000023       2.62963083E-02   3.70370061E-03   3.00000086E-02
   61.7000008       2.62963083E-02   3.70370061E-03   3.00000086E-02
   61.7999992       2.62963083E-02   3.70370061E-03   3.00000086E-02
   61.9000015       2.62963083E-02   3.70370061E-03   3.00000086E-02
   62.0000000       2.62963083E-02   3.70370061E-03   3.00000086E-02
   62.1000023       2.62963083E-02   3.70370061E-03   3.00000086E-02
   62.2000008       2.62963083E-02   3.70370061E-03   3.00000086E-02
   62.2999992       2.62963083E-02   3.70370061E-03   3.00000086E-02
   62.4000015       2.62963083E-02   3.70370061E-03   3.00000086E-02
   62.5000000       2.62963083E-02   3.70370061E-03   3.00000086E-02
   62.6000023       2.62963083E-02   3.70370061E-03   3.00000086E-02
   62.7000008       2.62963083E-02   3.70370061E-03   3.00000086E-02
   62.7999992       2.62963083E-02   3.70370061E-03   3.00000086E-02
   62.9000015       2.62963083E-02   3.70370061E-03   3.00000086E-02
   63.0000000       2.62963083E-02   3.70370061E-03   3.00000086E-02
   63.1000023       2.62963083E-02   3.70370061E-03   3.00000086E-02
   63.2000008       2.62963083E-02   3.70370061E-03   3.00000086E-02
   63.2999992       2.62963083E-02   3.70370061E-03   3.00000086E-02
   63.4000015       2.62963083E-02   3.70370061E-03   3.00000086E-02
   63.5000000       2.62963083E-02   3.70370061E-03   3.00000086E-02
   63.6000023       2.62963083E-02   3.70370061E-03   3.00000086E-02
   63.7000008       2.62963083E-02   3.70370061E-03   3.00000086E-02
   63.7999992       2.62963083E-02   3.70370061E-03   3.00000086E-02
   63.9000015       2.62963083E-02   3.70370061E-03   3.00000086E-02
   64.0000000       2.62963083E-02   3.70370061E-03   3.00000086E-02
   64.0999985       2.62963083E-02   3.70370061E-03   3.00000086E-02
   64.2000046       2.62963083E-02   3.70370061E-03   3.00000086E-02
   64.3000031       2.62963083E-02   3.70370061E-03   3.00000086E-02
   64.4000015       2.62963083E-02   3.70370061E-03   3.00000086E-02
   64.5000000       2.62963083E-02   3.70370061E-03   3.00000086E-02
   64.5999985       2.62963083E-02   3.70370061E-03   3.00000086E-02
   64.7000046       2.62963083E-02   3.70370061E-03   3.00000086E-02
   64.8000031       2.62963083E-02   3.70370061E-03   3.00000086E-02
   64.9000015       2.62963083E-02   3.70370061E-03   3.00000086E-02
   65.0000000       2.62963083E-02   3.70370061E-03   3.00000086E-02
   65.0999985       2.62963083E-02   3.70370061E-03   3.00000086E-02
   65.2000046       2.62963083E-02   3.70370061E-03   3.00000086E-02
   65.3000031       2.62963083E-02   3.70370061E-03   3.00000086E-02
   65.4000015       2.62963083E-02   3.70370061E-03   3.00000086E-02
   65.5000000       2.62963083E-02   3.70370061E-03   3.00000086E-02
   65.5999985       2.62963083E-02   3.70370061E-03   3.00000086E-02
   65.7000046       2.62963083E-02   3.70370061E-03   3.00000086E-02
   65.8000031       2.62963083E-02   3.70370061E-03   3.00000086E-02
   65.9000015       2.62963083E-02   3.70370061E-03   3.00000086E-02
   66.0000000       2.62963083E-02   3.70370061E-03   3.00000086E-02
   66.0999985       2.62963083E-02   3.70370061E-03   3.00000086E-02
   66.2000046       2.62963083E-02   3.70370061E-03   3.00000086E-02
   66.3000031       2.62963083E-02   3.70370061E-03   3.00000086E-02
   66.4000015       2.62963083E-02   3.70370061E-03   3.00000086E-02
   66.5000000       2.62963083E-02   3.70370061E-03   3.00000086E-02
   66.5999985       2.62963083E-02   3.70370061E-03   3.00000086E-02
   66.7000046       2.62963083E-02   3.70370061E-03   3.00000086E-02
   66.8000031       2.62963083E-02   3.70370061E-03   3.00000086E-02
   66.9000015       2.62963083E-02   3.70370061E-03   3.00000086E-02
   67.0000000       2.62963083E-02   3.70370061E-03   3.00000086E-02
   67.0999985       2.62963083E-02   3.70370061E-03   3.00000086E-02
   67.2000046       2.62963083E-02   3.70370061E-03   3.00000086E-02
   67.3000031       2.62963083E-02   3.70370061E-03   3.00000086E-02
   67.4000015       2.62963083E-02   3.70370061E-03   3.00000086E-02
   67.5000000       2.62963083E-02   3.70370061E-03   3.00000086E-02
   67.5999985       2.62963083E-02   3.70370061E-03   3.00000086E-02
   67.7000046       2.62963083E-02   3.70370061E-03   3.00000086E-02
   67.8000031       2.62963083E-02   3.70370061E-03   3.00000086E-02
   67.9000015       2.62963083E-02   3.70370061E-03   3.00000086E-02
   68.0000000       2.62963083E-02   3.70370061E-03   3.00000086E-02
   68.0999985       2.62963083E-02   3.70370061E-03   3.00000086E-02
   68.2000046       2.62963083E-02   3.70370061E-03   3.00000086E-02
   68.3000031       2.62963083E-02   3.70370061E-03   3.00000086E-02
   68.4000015       2.62963083E-02   3.70370061E-03   3.00000086E-02
   68.5000000       2.62963083E-02   3.70370061E-03   3.00000086E-02
   68.5999985       2.62963083E-02   3.70370061E-03   3.00000086E-02
   68.7000046       2.62963083E-02   3.70370061E-03   3.00000086E-02
   68.8000031       2.62963083E-02   3.70370061E-03   3.00000086E-02
   68.9000015       2.62963083E-02   3.70370061E-03   3.00000086E-02
   69.0000000       2.62963083E-02   3.70370061E-03   3.00000086E-02
   69.0999985       2.62963083E-02   3.70370061E-03   3.00000086E-02
   69.2000046       2.62963083E-02   3.70370061E-03   3.00000086E-02
   69.3000031       2.62963083E-02   3.70370061E-03   3.00000086E-02
   69.4000015       2.62963083E-02   3.70370061E-03   3.00000086E-02
   69.5000000       2.62963083E-02   3.70370061E-03   3.00000086E-02
   69.5999985       2.62963083E-02   3.70370061E-03   3.00000086E-02
   69.7000046       2.62963083E-02   3.70370061E-03   3.00000086E-02
   69.8000031       2.62963083E-02   3.70370061E-03   3.00000086E-02
   69.9000015       2.62963083E-02   3.70370061E-03   3.00000086E-02
   70.0000000       2.62963083E-02   3.70370061E-03   3.00000086E-02
   70.0999985       2.62963083E-02   3.70370061E-03   3.00000086E-02
   70.2000046       2.62963083E-02   3.70370061E-03   3.00000086E-02
   70.3000031       2.62963083E-02   3.70370061E-03   3.00000086E-02
   70.4000015       2.62963083E-02   3.70370061E-03   3.00000086E-02
   70.5000000       2.62963083E-02   3.70370061E-03   3.00000086E-02
   70.5999985       2.62963083E-02   3.70370061E-03   3.00000086E-02
   70.7000046       2.62963083E-02   3.70370061E-03   3.00000086E-02
   70.8000031       2.62963083E-02   3.70370061E-03   3.00000086E-02
   70.9000015       2.62963083E-02   3.70370061E-03   3.00000086E-02
   71.0000000       2.62963083E-02   3.70370061E-03   3.00000086E-02
   71.0999985       2.62963083E-02   3.70370061E-03   3.00000086E-02
   71.2000046       2.62963083E-02   3.70370061E-03   3.00000086E-02
   71.3000031       2.62963083E-02   3.70370061E-03   3.00000086E-02
   71.4000015       2.62963083E-02   3.70370061E-03   3.00000086E-02
   71.5000000       2.62963083E-02   3.70370061E-03   3.00000086E-02
   71.5999985       2.62963083E-02   3.70370061E-03   3.00000086E-02
   71.7000046       2.62963083E-02   3.70370061E-03   3.00000086E-02
   71.8000031       2.62963083E-02   3.70370061E-03   3.00000086E-02
   71.9000015       2.62963083E-02   3.70370061E-03   3.00000086E-02
   72.0000000       2.62963083E-02   3.70370061E-03   3.00000086E-02
   72.0999985       2.62963083E-02   3.70370061E-03   3.00000086E-02
   72.2000046       2.62963083E-02   3.70370061E-03   3.00000086E-02
   72.3000031       2.62963083E-02   3.70370061E-03   3.00000086E-02
   72.4000015       2.62963083E-02   3.70370061E-03   3.00000086E-02
   72.5000000       2.62963083E-02   3.70370061E-03   3.00000086E-02
   72.5999985       2.62963083E-02   3.70370061E-03   3.00000086E-02
   72.7000046       2.62963083E-02   3.70370061E-03   3.00000086E-02
   72.8000031       2.62963083E-02   3.70370061E-03   3.00000086E-02
   72.9000015       2.62963083E-02   3.70370061E-03   3.00000086E-02
   73.0000000       2.62963083E-02   3.70370061E-03   3.00000086E-02
   73.0999985       2.62963083E-02   3.70370061E-03   3.00000086E-02
   73.2000046       2.62963083E-02   3.70370061E-03   3.00000086E-02
   73.3000031       2.62963083E-02   3.70370061E-03   3.00000086E-02
   73.4000015       2.62963083E-02   3.70370061E-03   3.00000086E-02
   73.5000000       2.62963083E-02   3.70370061E-03   3.00000086E-02
   73.5999985       2.62963083E-02   3.70370061E-03   3.00000086E-02
   73.7000046       2.62963083E-02   3.70370061E-03   3.00000086E-02
   73.8000031       2.62963083E-02   3.70370061E-03   3.00000086E-02
   73.9000015       2.62963083E-02   3.70370061E-03   3.00000086E-02
   74.0000000       2.62963083E-02   3.70370061E-03   3.00000086E-02
   74.0999985       2.62963083E-02   3.70370061E-03   3.00000086E-02
   74.2000046       2.62963083E-02   3.70370061E-03   3.00000086E-02
   74.3000031       2.62963083E-02   3.70370061E-03   3.00000086E-02
   74.4000015       2.62963083E-02   3.70370061E-03   3.00000086E-02
   74.5000000       2.62963083E-02   3.70370061E-03   3.00000086E-02
   74.5999985       2.62963083E-02   3.70370061E-03   3.00000086E-02
   74.7000046       2.62963083E-02   3.70370061E-03   3.00000086E-02
   74.8000031       2.62963083E-02   3.70370061E-03   3.00000086E-02
   74.9000015       2.62963083E-02   3.70370061E-03   3.00000086E-02
   75.0000000       2.62963083E-02   3.70370061E-03   3.00000086E-02
   75.0999985       2.62963083E-02   3.70370061E-03   3.00000086E-02
   75.2000046       2.62963083E-02   3.70370061E-03   3.00000086E-02
   75.3000031       2.62963083E-02   3.70370061E-03   3.00000086E-02
   75.4000015       2.62963083E-02   3.70370061E-03   3.00000086E-02
   75.5000000       2.62963083E-02   3.70370061E-03   3.00000086E-02
   75.5999985       2.62963083E-02   3.70370061E-03   3.00000086E-02
   75.7000046       2.62963083E-02   3.70370061E-03   3.00000086E-02
   75.8000031       2.62963083E-02   3.70370061E-03   3.00000086E-02
   75.9000015       2.62963083E-02   3.70370061E-03   3.00000086E-02
   76.0000000       2.62963083E-02   3.70370061E-03   3.00000086E-02
   76.0999985       2.62963083E-02   3.70370061E-03   3.00000086E-02
   76.2000046       2.62963083E-02   3.70370061E-03   3.00000086E-02
   76.3000031       2.62963083E-02   3.70370061E-03   3.00000086E-02
   76.4000015       2.62963083E-02   3.70370061E-03   3.00000086E-02
   76.5000000       2.62963083E-02   3.70370061E-03   3.00000086E-02
   76.5999985       2.62963083E-02   3.70370061E-03   3.00000086E-02
   76.7000046       2.62963083E-02   3.70370061E-03   3.00000086E-02
   76.8000031       2.62963083E-02   3.70370061E-03   3.00000086E-02
   76.9000015       2.62963083E-02   3.70370061E-03   3.00000086E-02
   77.0000000       2.62963083E-02   3.70370061E-03   3.00000086E-02
   77.0999985       2.62963083E-02   3.70370061E-03   3.00000086E-02
   77.2000046       2.62963083E-02   3.70370061E-03   3.00000086E-02
   77.3000031       2.62963083E-02   3.70370061E-03   3.00000086E-02
   77.4000015       2.62963083E-02   3.70370061E-03   3.00000086E-02
   77.5000000       2.62963083E-02   3.70370061E-03   3.00000086E-02
   77.5999985       2.62963083E-02   3.70370061E-03   3.00000086E-02
   77.7000046       2.62963083E-02   3.70370061E-03   3.00000086E-02
   77.8000031       2.62963083E-02   3.70370061E-03   3.00000086E-02
   77.9000015       2.62963083E-02   3.70370061E-03   3.00000086E-02
   78.0000000       2.62963083E-02   3.70370061E-03   3.00000086E-02
   78.0999985       2.62963083E-02   3.70370061E-03   3.00000086E-02
   78.2000046       2.62963083E-02   3.70370061E-03   3.00000086E-02
   78.3000031       2.62963083E-02   3.70370061E-03   3.00000086E-02
   78.4000015       2.62963083E-02   3.70370061E-03   3.00000086E-02
   78.5000000       2.62963083E-02   3.70370061E-03   3.00000086E-02
   78.5999985       2.62963083E-02   3.70370061E-03   3.00000086E-02
   78.7000046       2.62963083E-02   3.70370061E-03   3.00000086E-02
   78.8000031       2.62963083E-02   3.70370061E-03   3.00000086E-02
   78.9000015       2.62963083E-02   3.70370061E-03   3.00000086E-02
   79.0000000       2.62963083E-02   3.70370061E-03   3.00000086E-02
   79.0999985       2.62963083E-02   3.70370061E-03   3.00000086E-02
   79.2000046       2.62963083E-02   3.70370061E-03   3.00000086E-02
   79.3000031       2.62963083E-02   3.70370061E-03   3.00000086E-02
   79.4000015       2.62963083E-02   3.70370061E-03   3.00000086E-02
   79.5000000       2.62963083E-02   3.70370061E-03   3.00000086E-02
   79.5999985       2.62963083E-02   3.70370061E-03   3.00000086E-02
   79.7000046       2.62963083E-02   3.70370061E-03   3.00000086E-02
   79.8000031       2.62963083E-02   3.70370061E-03   3.00000086E-02
   79.9000015       2.62963083E-02   3.70370061E-03   3.00000086E-02
   80.0000000       2.62963083E-02   3.70370061E-03   3.00000086E-02
   80.0999985       2.62963083E-02   3.70370061E-03   3.00000086E-02
   80.2000046       2.62963083E-02   3.70370061E-03   3.00000086E-02
   80.3000031       2.62963083E-02   3.70370061E-03   3.00000086E-02
   80.4000015       2.62963083E-02   3.70370061E-03   3.00000086E-02
   80.5000000       2.62963083E-02   3.70370061E-03   3.00000086E-02
   80.5999985       2.62963083E-02   3.70370061E-03   3.00000086E-02
   80.7000046       2.62963083E-02   3.70370061E-03   3.00000086E-02
   80.8000031       2.62963083E-02   3.70370061E-03   3.00000086E-02
   80.9000015       2.62963083E-02   3.70370061E-03   3.00000086E-02
   81.0000000       2.62963083E-02   3.70370061E-03   3.00000086E-02
   81.0999985       2.62963083E-02   3.70370061E-03   3.00000086E-02
   81.2000046       2.62963083E-02   3.70370061E-03   3.00000086E-02
   81.3000031       2.62963083E-02   3.70370061E-03   3.00000086E-02
   81.4000015       2.62963083E-02   3.70370061E-03   3.00000086E-02
   81.5000000       2.62963083E-02   3.70370061E-03   3.00000086E-02
   81.5999985       2.62963083E-02   3.70370061E-03   3.00000086E-02
   81.7000046       2.62963083E-02   3.70370061E-03   3.00000086E-02
   81.8000031       2.62963083E-02   3.70370061E-03   3.00000086E-02
   81.9000015       2.62963083E-02   3.70370061E-03   3.00000086E-02
   82.0000000       2.62963083E-02   3.70370061E-03   3.00000086E-02
   82.0999985       2.62963083E-02   3.70370061E-03   3.00000086E-02
   82.2000046       2.62963083E-02   3.70370061E-03   3.00000086E-02
   82.3000031       2.62963083E-02   3.70370061E-03   3.00000086E-02
   82.4000015       2.62963083E-02   3.70370061E-03   3.00000086E-02
   82.5000000       2.62963083E-02   3.70370061E-03   3.00000086E-02
   82.5999985       2.62963083E-02   3.70370061E-03   3.00000086E-02
   82.7000046       2.62963083E-02   3.70370061E-03   3.00000086E-02
   82.8000031       2.62963083E-02   3.70370061E-03   3.00000086E-02
   82.9000015       2.62963083E-02   3.70370061E-03   3.00000086E-02
   83.0000000       2.62963083E-02   3.70370061E-03   3.00000086E-02
   83.0999985       2.62963083E-02   3.70370061E-03   3.00000086E-02
   83.2000046       2.62963083E-02   3.70370061E-03   3.00000086E-02
   83.3000031       2.62963083E-02   3.70370061E-03   3.00000086E-02
   83.4000015       2.62963083E-02   3.70370061E-03   3.00000086E-02
   83.5000000       2.62963083E-02   3.70370061E-03   3.00000086E-02
   83.5999985       2.62963083E-02   3.70370061E-03   3.00000086E-02
   83.7000046       2.62963083E-02   3.70370061E-03   3.00000086E-02
   83.8000031       2.62963083E-02   3.70370061E-03   3.00000086E-02
   83.9000015       2.62963083E-02   3.70370061E-03   3.00000086E-02
   84.0000000       2.62963083E-02   3.70370061E-03   3.00000086E-02
   84.0999985       2.62963083E-02   3.70370061E-03   3.00000086E-02
   84.2000046       2.62963083E-02   3.70370061E-03   3.00000086E-02
   84.3000031       2.62963083E-02   3.70370061E-03   3.00000086E-02
   84.4000015       2.62963083E-02   3.70370061E-03   3.00000086E-02
   84.5000000       2.62963083E-02   3.70370061E-03   3.00000086E-02
   84.5999985       2.62963083E-02   3.70370061E-03   3.00000086E-02
   84.7000046       2.62963083E-02   3.70370061E-03   3.00000086E-02
   84.8000031       2.62963083E-02   3.70370061E-03   3.00000086E-02
   84.9000015       2.62963083E-02   3.70370061E-03   3.00000086E-02
   85.0000000       2.62963083E-02   3.70370061E-03   3.00000086E-02
   85.0999985       2.62963083E-02   3.70370061E-03   3.00000086E-02
   85.2000046       2.62963083E-02   3.70370061E-03   3.00000086E-02
   85.3000031       2.62963083E-02   3.70370061E-03   3.00000086E-02
   85.4000015       2.62963083E-02   3.70370061E-03   3.00000086E-02
   85.5000000       2.62963083E-02   3.70370061E-03   3.00000086E-02
   85.5999985       2.62963083E-02   3.70370061E-03   3.00000086E-02
   85.7000046       2.62963083E-02   3.70370061E-03   3.00000086E-02
   85.8000031       2.62963083E-02   3.70370061E-03   3.00000086E-02
   85.9000015       2.62963083E-02   3.70370061E-03   3.00000086E-02
   86.0000000       2.62963083E-02   3.70370061E-03   3.00000086E-02
   86.0999985       2.62963083E-02   3.70370061E-03   3.00000086E-02
   86.2000046       2.62963083E-02   3.70370061E-03   3.00000086E-02
   86.3000031       2.62963083E-02   3.70370061E-03   3.00000086E-02
   86.4000015       2.62963083E-02   3.70370061E-03   3.00000086E-02
   86.5000000       2.62963083E-02   3.70370061E-03   3.00000086E-02
   86.5999985       2.62963083E-02   3.70370061E-03   3.00000086E-02
   86.7000046       2.62963083E-02   3.70370061E-03   3.00000086E-02
   86.8000031       2.62963083E-02   3.70370061E-03   3.00000086E-02
   86.9000015       2.62963083E-02   3.70370061E-03   3.00000086E-02
   87.0000000       2.62963083E-02   3.70370061E-03   3.00000086E-02
   87.0999985       2.62963083E-02   3.70370061E-03   3.00000086E-02
   87.2000046       2.62963083E-02   3.70370061E-03   3.00000086E-02
   87.3000031       2.62963083E-02   3.70370061E-03   3.00000086E-02
   87.4000015       2.62963083E-02   3.70370061E-03   3.00000086E-02
   87.5000000       2.62963083E-02   3.70370061E-03   3.00000086E-02
   87.5999985       2.62963083E-02   3.70370061E-03   3.00000086E-02
   87.7000046       2.62963083E-02   3.70370061E-03   3.00000086E-02
   87.8000031       2.62963083E-02   3.70370061E-03   3.00000086E-02
   87.9000015       2.62963083E-02   3.70370061E-03   3.00000086E-02
   88.0000000       2.62963083E-02   3.70370061E-03   3.00000086E-02
   88.0999985       2.62963083E-02   3.70370061E-03   3.00000086E-02
   88.2000046       2.62963083E-02   3.70370061E-03   3.00000086E-02
   88.3000031       2.62963083E-02   3.70370061E-03   3.00000086E-02
   88.4000015       2.62963083E-02   3.70370061E-03   3.00000086E-02
   88.5000000       2.62963083E-02   3.70370061E-03   3.00000086E-02
   88.5999985       2.62963083E-02   3.70370061E-03   3.00000086E-02
   88.7000046       2.62963083E-02   3.70370061E-03   3.00000086E-02
   88.8000031       2.62963083E-02   3.70370061E-03   3.00000086E-02
   88.9000015       2.62963083E-02   3.70370061E-03   3.00000086E-02
   89.0000000       2.62963083E-02   3.70370061E-03   3.00000086E-02
   89.0999985       2.62963083E-02   3.70370061E-03   3.00000086E-02
   89.2000046       2.62963083E-02   3.70370061E-03   3.00000086E-02
   89.3000031       2.62963083E-02   3.70370061E-03   3.00000086E-02
   89.4000015       2.62963083E-02   3.70370061E-03   3.00000086E-02
   89.5000000       2.62963083E-02   3.70370061E-03   3.00000086E-02
   89.5999985       2.62963083E-02   3.70370061E-03   3.00000086E-02
   89.7000046       2.62963083E-02   3.70370061E-03   3.00000086E-02
   89.8000031       2.62963083E-02   3.70370061E-03   3.00000086E-02
   89.9000015       2.62963083E-02   3.70370061E-03   3.00000086E-02
   90.0000000       2.62963083E-02   3.70370061E-03   3.00000086E-02
   90.0999985       2.62963083E-02   3.70370061E-03   3.00000086E-02
   90.2000046       2.62963083E-02   3.70370061E-03   3.00000086E-02
   90.3000031       2.62963083E-02   3.70370061E-03   3.00000086E-02
   90.4000015       2.62963083E-02   3.70370061E-03   3.00000086E-02
   90.5000000       2.62963083E-02   3.70370061E-03   3.00000086E-02
   90.5999985       2.62963083E-02   3.70370061E-03   3.00000086E-02
   90.7000046       2.62963083E-02   3.70370061E-03   3.00000086E-02
   90.8000031       2.62963083E-02   3.70370061E-03   3.00000086E-02
   90.9000015       2.62963083E-02   3.70370061E-03   3.00000086E-02
   91.0000000       2.62963083E-02   3.70370061E-03   3.00000086E-02
   91.0999985       2.62963083E-02   3.70370061E-03   3.00000086E-02
   91.2000046       2.62963083E-02   3.70370061E-03   3.00000086E-02
   91.3000031       2.62963083E-02   3.70370061E-03   3.00000086E-02
   91.4000015       2.62963083E-02   3.70370061E-03   3.00000086E-02
   91.5000000       2.62963083E-02   3.70370061E-03   3.00000086E-02
   91.5999985       2.62963083E-02   3.70370061E-03   3.00000086E-02
   91.7000046       2.62963083E-02   3.70370061E-03   3.00000086E-02
   91.8000031       2.62963083E-02   3.70370061E-03   3.00000086E-02
   91.9000015       2.62963083E-02   3.70370061E-03   3.00000086E-02
   92.0000000       2.62963083E-02   3.70370061E-03   3.00000086E-02
   92.0999985       2.62963083E-02   3.70370061E-03   3.00000086E-02
   92.2000046       2.62963083E-02   3.70370061E-03   3.00000086E-02
   92.3000031       2.62963083E-02   3.70370061E-03   3.00000086E-02
   92.4000015       2.62963083E-02   3.70370061E-03   3.00000086E-02
   92.5000000       2.62963083E-02   3.70370061E-03   3.00000086E-02
   92.5999985       2.62963083E-02   3.70370061E-03   3.00000086E-02
   92.7000046       2.62963083E-02   3.70370061E-03   3.00000086E-02
   92.8000031       2.62963083E-02   3.70370061E-03   3.00000086E-02
   92.9000015       2.62963083E-02   3.70370061E-03   3.00000086E-02
   93.0000000       2.62963083E-02   3.70370061E-03   3.00000086E-02
   93.0999985       2.62963083E-02   3.70370061E-03   3.00000086E-02
   93.2000046       2.62963083E-02   3.70370061E-03   3.00000086E-02
   93.3000031       2.62963083E-02   3.70370061E-03   3.00000086E-02
   93.4000015       2.62963083E-02   3.70370061E-03   3.00000086E-02
   93.5000000       2.62963083E-02   3.70370061E-03   3.00000086E-02
   93.5999985       2.62963083E-02   3.70370061E-03   3.00000086E-02
   93.7000046       2.62963083E-02   3.70370061E-03   3.00000086E-02
   93.8000031       2.62963083E-02   3.70370061E-03   3.00000086E-02
   93.9000015       2.62963083E-02   3.70370061E-03   3.00000086E-02
   94.0000000       2.62963083E-02   3.70370061E-03   3.00000086E-02
   94.0999985       2.62963083E-02   3.70370061E-03   3.00000086E-02
   94.2000046       2.62963083E-02   3.70370061E-03   3.00000086E-02
   94.3000031       2.62963083E-02   3.70370061E-03   3.00000086E-02
   94.4000015       2.62963083E-02   3.70370061E-03   3.00000086E-02
   94.5000000       2.62963083E-02   3.70370061E-03   3.00000086E-02
   94.5999985       2.62963083E-02   3.70370061E-03   3.00000086E-02
   94.7000046       2.62963083E-02   3.70370061E-03   3.00000086E-02
   94.8000031       2.62963083E-02   3.70370061E-03   3.00000086E-02
   94.9000015       2.62963083E-02   3.70370061E-03   3.00000086E-02
   95.0000000       2.62963083E-02   3.70370061E-03   3.00000086E-02
   95.0999985       2.62963083E-02   3.70370061E-03   3.00000086E-02
   95.2000046       2.62963083E-02   3.70370061E-03   3.00000086E-02
   95.3000031       2.62963083E-02   3.70370061E-03   3.00000086E-02
   95.4000015       2.62963083E-02   3.70370061E-03   3.00000086E-02
   95.5000000       2.62963083E-02   3.70370061E-03   3.00000086E-02
   95.5999985       2.62963083E-02   3.70370061E-03   3.00000086E-02
   95.7000046       2.62963083E-02   3.70370061E-03   3.00000086E-02
   95.8000031       2.62963083E-02   3.70370061E-03   3.00000086E-02
   95.9000015       2.62963083E-02   3.70370061E-03   3.00000086E-02
   96.0000000       2.62963083E-02   3.70370061E-03   3.00000086E-02
   96.0999985       2.62963083E-02   3.70370061E-03   3.00000086E-02
   96.2000046       2.62963083E-02   3.70370061E-03   3.00000086E-02
   96.3000031       2.62963083E-02   3.70370061E-03   3.00000086E-02
   96.4000015       2.62963083E-02   3.70370061E-03   3.00000086E-02
   96.5000000       2.62963083E-02   3.70370061E-03   3.00000086E-02
   96.5999985       2.62963083E-02   3.70370061E-03   3.00000086E-02
   96.7000046       2.62963083E-02   3.70370061E-03   3.00000086E-02
   96.8000031       2.62963083E-02   3.70370061E-03   3.00000086E-02
   96.9000015       2.62963083E-02   3.70370061E-03   3.00000086E-02
   97.0000000       2.62963083E-02   3.70370061E-03   3.00000086E-02
   97.0999985       2.62963083E-02   3.70370061E-03   3.00000086E-02
   97.2000046       2.62963083E-02   3.70370061E-03   3.00000086E-02
   97.3000031       2.62963083E-02   3.70370061E-03   3.00000086E-02
   97.4000015       2.62963083E-02   3.70370061E-03   3.00000086E-02
   97.5000000       2.62963083E-02   3.70370061E-03   3.00000086E-02
   97.5999985       2.62963083E-02   3.70370061E-03   3.00000086E-02
   97.7000046       2.62963083E-02   3.70370061E-03   3.00000086E-02
   97.8000031       2.62963083E-02   3.70370061E-03   3.00000086E-02
   97.9000015       2.62963083E-02   3.70370061E-03   3.00000086E-02
   98.0000000       2.62963083E-02   3.70370061E-03   3.00000086E-02
   98.0999985       2.62963083E-02   3.70370061E-03   3.00000086E-02
   98.2000046       2.62963083E-02   3.70370061E-03   3.00000086E-02
   98.3000031       2.62963083E-02   3.70370061E-03   3.00000086E-02
   98.4000015       2.62963083E-02   3.70370061E-03   3.00000086E-02
   98.5000000       2.62963083E-02   3.70370061E-03   3.00000086E-02
   98.5999985       2.62963083E-02   3.70370061E-03   3.00000086E-02
   98.7000046       2.62963083E-02   3.70370061E-03   3.00000086E-02
   98.8000031       2.62963083E-02   3.70370061E-03   3.00000086E-02
   98.9000015       2.62963083E-02   3.70370061E-03   3.00000086E-02
   99.0000000       2.62963083E-02   3.70370061E-03   3.00000086E-02
   99.0999985       2.62963083E-02   3.70370061E-03   3.00000086E-02
   99.2000046       2.62963083E-02   3.70370061E-03   3.00000086E-02
   99.3000031       2.62963083E-02   3.70370061E-03   3.00000086E-02
   99.4000015       2.62963083E-02   3.70370061E-03   3.00000086E-02
   99.5000000       2.62963083E-02   3.70370061E-03   3.00000086E-02
   99.5999985       2.62963083E-02   3.70370061E-03   3.00000086E-02
   99.7000046       2.62963083E-02   3.70370061E-03   3.00000086E-02
   99.8000031       2.62963083E-02   3.70370061E-03   3.00000086E-02
   99.9000015       2.62963083E-02   3.70370061E-03   3.00000086E-02
   100.000000       2.62963083E-02   3.70370061E-03   3.00000086E-02
