 === NP Ecosistem model integration =====================
  time            phytoplankton   nitrate         total_N
  0.100000001       9.94999986E-03   5.00000024E-05   9.99999978E-03
  0.200000003       9.90094617E-03   9.90538538E-05   9.99999978E-03
  0.300000012       9.85281356E-03   1.47186918E-04   1.00000007E-02
  0.400000006       9.80557688E-03   1.94423686E-04   1.00000007E-02
  0.500000000       9.75921284E-03   2.40787747E-04   1.00000007E-02
  0.600000024       9.71369911E-03   2.86301860E-04   1.00000007E-02
  0.699999988       9.66901332E-03   3.30987998E-04   1.00000016E-02
  0.800000012       9.62513406E-03   3.74867377E-04   1.00000016E-02
  0.900000036       9.58204083E-03   4.17960517E-04   1.00000016E-02
   1.00000000       9.53971408E-03   4.60287178E-04   1.00000016E-02
   1.10000002       9.49813519E-03   5.01866511E-04   1.00000016E-02
   1.20000005       9.45728458E-03   5.42716996E-04   1.00000016E-02
   1.30000007       9.41714551E-03   5.82856534E-04   1.00000016E-02
   1.39999998       9.37769935E-03   6.22302410E-04   1.00000016E-02
   1.50000000       9.33893025E-03   6.61071390E-04   1.00000016E-02
   1.60000002       9.30082239E-03   6.99179596E-04   1.00000016E-02
   1.70000005       9.26335901E-03   7.36642804E-04   1.00000016E-02
   1.80000007       9.22652520E-03   7.73476146E-04   1.00000016E-02
   1.89999998       9.19030700E-03   8.09694349E-04   1.00000016E-02
   2.00000000       9.15468950E-03   8.45311675E-04   1.00000016E-02
   2.10000014       9.11965966E-03   8.80341919E-04   1.00000016E-02
   2.20000005       9.08520352E-03   9.14798526E-04   1.00000016E-02
   2.29999995       9.05130804E-03   9.48694418E-04   1.00000026E-02
   2.40000010       9.01796017E-03   9.82042286E-04   1.00000026E-02
   2.50000000       8.98514781E-03   1.01485429E-03   1.00000016E-02
   2.60000014       8.95285979E-03   1.04714220E-03   1.00000016E-02
   2.70000005       8.92108399E-03   1.07891764E-03   1.00000016E-02
   2.79999995       8.88981018E-03   1.11019169E-03   1.00000016E-02
   2.90000010       8.85902625E-03   1.14097528E-03   1.00000016E-02
   3.00000000       8.82872287E-03   1.17127900E-03   1.00000016E-02
   3.10000014       8.79888888E-03   1.20111299E-03   1.00000016E-02
   3.20000005       8.76951497E-03   1.23048725E-03   1.00000026E-02
   3.29999995       8.74059089E-03   1.25941134E-03   1.00000026E-02
   3.40000010       8.71210732E-03   1.28789479E-03   1.00000016E-02
   3.50000000       8.68405588E-03   1.31594669E-03   1.00000026E-02
   3.60000014       8.65642633E-03   1.34357589E-03   1.00000026E-02
   3.70000005       8.62921122E-03   1.37079111E-03   1.00000026E-02
   3.79999995       8.60240124E-03   1.39760075E-03   1.00000016E-02
   3.90000010       8.57598893E-03   1.42401294E-03   1.00000016E-02
   4.00000000       8.54996592E-03   1.45003572E-03   1.00000016E-02
   4.09999990       8.52432474E-03   1.47567678E-03   1.00000016E-02
   4.20000029       8.49905796E-03   1.50094368E-03   1.00000016E-02
   4.30000019       8.47415812E-03   1.52584387E-03   1.00000016E-02
   4.40000010       8.44961777E-03   1.55038433E-03   1.00000016E-02
   4.50000000       8.42542946E-03   1.57457218E-03   1.00000016E-02
   4.59999990       8.40158761E-03   1.59841427E-03   1.00000016E-02
   4.70000029       8.37808475E-03   1.62191712E-03   1.00000016E-02
   4.80000019       8.35491437E-03   1.64508715E-03   1.00000016E-02
   4.90000010       8.33207089E-03   1.66793074E-03   1.00000016E-02
   5.00000000       8.30954779E-03   1.69045408E-03   1.00000016E-02
   5.09999990       8.28733854E-03   1.71266310E-03   1.00000016E-02
   5.20000029       8.26543849E-03   1.73456362E-03   1.00000016E-02
   5.30000019       8.24384112E-03   1.75616133E-03   1.00000026E-02
   5.40000010       8.22254084E-03   1.77746185E-03   1.00000026E-02
   5.50000000       8.20153207E-03   1.79847050E-03   1.00000026E-02
   5.59999990       8.18081014E-03   1.81919266E-03   1.00000026E-02
   5.70000029       8.16036947E-03   1.83963357E-03   1.00000035E-02
   5.80000019       8.14020447E-03   1.85979810E-03   1.00000026E-02
   5.90000010       8.12031142E-03   1.87969126E-03   1.00000026E-02
   6.00000000       8.10068473E-03   1.89931795E-03   1.00000026E-02
   6.09999990       8.08131974E-03   1.91868283E-03   1.00000026E-02
   6.20000029       8.06221180E-03   1.93779042E-03   1.00000026E-02
   6.30000019       8.04335717E-03   1.95664517E-03   1.00000026E-02
   6.40000010       8.02475028E-03   1.97525159E-03   1.00000016E-02
   6.50000000       8.00638832E-03   1.99361402E-03   1.00000026E-02
   6.59999990       7.98826572E-03   2.01173639E-03   1.00000016E-02
   6.70000029       7.97037873E-03   2.02962290E-03   1.00000016E-02
   6.80000019       7.95272365E-03   2.04727775E-03   1.00000016E-02
   6.90000010       7.93529674E-03   2.06470466E-03   1.00000016E-02
   7.00000000       7.91809428E-03   2.08190759E-03   1.00000016E-02
   7.09999990       7.90111162E-03   2.09889002E-03   1.00000016E-02
   7.20000029       7.88434595E-03   2.11565592E-03   1.00000016E-02
   7.30000019       7.86779355E-03   2.13220879E-03   1.00000026E-02
   7.40000010       7.85145070E-03   2.14855187E-03   1.00000026E-02
   7.50000000       7.83531368E-03   2.16468889E-03   1.00000026E-02
   7.59999990       7.81937968E-03   2.18062312E-03   1.00000026E-02
   7.70000029       7.80364498E-03   2.19635782E-03   1.00000026E-02
   7.80000019       7.78810633E-03   2.21189624E-03   1.00000026E-02
   7.90000010       7.77276093E-03   2.22724164E-03   1.00000026E-02
   8.00000000       7.75760552E-03   2.24239705E-03   1.00000026E-02
   8.10000038       7.74263730E-03   2.25736527E-03   1.00000026E-02
   8.19999981       7.72785302E-03   2.27214955E-03   1.00000026E-02
   8.30000019       7.71324988E-03   2.28675269E-03   1.00000026E-02
   8.40000057       7.69882509E-03   2.30117748E-03   1.00000026E-02
   8.50000000       7.68457586E-03   2.31542671E-03   1.00000026E-02
   8.60000038       7.67049938E-03   2.32950295E-03   1.00000026E-02
   8.69999981       7.65659334E-03   2.34340900E-03   1.00000026E-02
   8.80000019       7.64285494E-03   2.35714763E-03   1.00000026E-02
   8.90000057       7.62928138E-03   2.37072119E-03   1.00000026E-02
   9.00000000       7.61587033E-03   2.38413224E-03   1.00000026E-02
   9.10000038       7.60261901E-03   2.39738333E-03   1.00000026E-02
   9.19999981       7.58952554E-03   2.41047679E-03   1.00000026E-02
   9.30000019       7.57658714E-03   2.42341519E-03   1.00000026E-02
   9.40000057       7.56380148E-03   2.43620062E-03   1.00000016E-02
   9.50000000       7.55116669E-03   2.44883541E-03   1.00000016E-02
   9.60000038       7.53868045E-03   2.46132188E-03   1.00000026E-02
   9.69999981       7.52633996E-03   2.47366214E-03   1.00000016E-02
   9.80000019       7.51414383E-03   2.48585828E-03   1.00000016E-02
   9.90000057       7.50208972E-03   2.49791262E-03   1.00000026E-02
   10.0000000       7.49017531E-03   2.50982703E-03   1.00000026E-02
   10.1000004       7.47839874E-03   2.52160360E-03   1.00000026E-02
   10.1999998       7.46675814E-03   2.53324443E-03   1.00000026E-02
   10.3000002       7.45525118E-03   2.54475139E-03   1.00000026E-02
   10.4000006       7.44387647E-03   2.55612633E-03   1.00000026E-02
   10.5000000       7.43263168E-03   2.56737112E-03   1.00000026E-02
   10.6000004       7.42151495E-03   2.57848785E-03   1.00000026E-02
   10.6999998       7.41052488E-03   2.58947816E-03   1.00000035E-02
   10.8000002       7.39965914E-03   2.60034367E-03   1.00000026E-02
   10.9000006       7.38891633E-03   2.61108647E-03   1.00000026E-02
   11.0000000       7.37829460E-03   2.62170797E-03   1.00000026E-02
   11.1000004       7.36779254E-03   2.63221003E-03   1.00000026E-02
   11.1999998       7.35740829E-03   2.64259428E-03   1.00000026E-02
   11.3000002       7.34714000E-03   2.65286234E-03   1.00000026E-02
   11.4000006       7.33698625E-03   2.66301585E-03   1.00000016E-02
   11.5000000       7.32694566E-03   2.67305644E-03   1.00000016E-02
   11.6000004       7.31701637E-03   2.68298551E-03   1.00000016E-02
   11.6999998       7.30719697E-03   2.69280467E-03   1.00000016E-02
   11.8000002       7.29748607E-03   2.70251534E-03   1.00000016E-02
   11.9000006       7.28788227E-03   2.71211914E-03   1.00000016E-02
   12.0000000       7.27838418E-03   2.72161746E-03   1.00000016E-02
   12.1000004       7.26898992E-03   2.73101148E-03   1.00000016E-02
   12.1999998       7.25969858E-03   2.74030282E-03   1.00000016E-02
   12.3000002       7.25050829E-03   2.74949288E-03   1.00000016E-02
   12.4000006       7.24141812E-03   2.75858305E-03   1.00000016E-02
   12.5000000       7.23242667E-03   2.76757451E-03   1.00000016E-02
   12.6000004       7.22353254E-03   2.77646841E-03   1.00000007E-02
   12.6999998       7.21473480E-03   2.78526638E-03   1.00000016E-02
   12.8000002       7.20603159E-03   2.79396935E-03   1.00000007E-02
   12.9000006       7.19742198E-03   2.80257873E-03   1.00000007E-02
   13.0000000       7.18890503E-03   2.81109591E-03   1.00000007E-02
   13.1000004       7.18047889E-03   2.81952182E-03   1.00000007E-02
   13.1999998       7.17214309E-03   2.82785762E-03   1.00000007E-02
   13.3000002       7.16389623E-03   2.83610472E-03   1.00000007E-02
   13.4000006       7.15573691E-03   2.84426403E-03   1.00000007E-02
   13.5000000       7.14766420E-03   2.85233674E-03   1.00000007E-02
   13.6000004       7.13967672E-03   2.86032399E-03   1.00000007E-02
   13.6999998       7.13177398E-03   2.86822696E-03   1.00000007E-02
   13.8000002       7.12395459E-03   2.87604658E-03   1.00000016E-02
   13.9000006       7.11621717E-03   2.88378401E-03   1.00000016E-02
   14.0000000       7.10856123E-03   2.89144018E-03   1.00000016E-02
   14.1000004       7.10098539E-03   2.89901602E-03   1.00000016E-02
   14.1999998       7.09348870E-03   2.90651270E-03   1.00000016E-02
   14.3000002       7.08607025E-03   2.91393115E-03   1.00000016E-02
   14.4000006       7.07872910E-03   2.92127230E-03   1.00000016E-02
   14.5000000       7.07146432E-03   2.92853732E-03   1.00000016E-02
   14.6000004       7.06427498E-03   2.93572689E-03   1.00000016E-02
   14.6999998       7.05715967E-03   2.94284197E-03   1.00000016E-02
   14.8000002       7.05011794E-03   2.94988370E-03   1.00000016E-02
   14.9000006       7.04314886E-03   2.95685278E-03   1.00000016E-02
   15.0000000       7.03625148E-03   2.96375016E-03   1.00000016E-02
   15.1000004       7.02942489E-03   2.97057652E-03   1.00000016E-02
   15.1999998       7.02266861E-03   2.97733303E-03   1.00000016E-02
   15.3000002       7.01598125E-03   2.98402039E-03   1.00000016E-02
   15.4000006       7.00936234E-03   2.99063930E-03   1.00000016E-02
   15.5000000       7.00281095E-03   2.99719092E-03   1.00000016E-02
   15.6000004       6.99632615E-03   3.00367572E-03   1.00000016E-02
   15.6999998       6.98990701E-03   3.01009463E-03   1.00000016E-02
   15.8000002       6.98355306E-03   3.01644858E-03   1.00000016E-02
   15.9000006       6.97726337E-03   3.02273827E-03   1.00000016E-02
   16.0000000       6.97103748E-03   3.02896439E-03   1.00000016E-02
   16.1000004       6.96487445E-03   3.03512765E-03   1.00000016E-02
   16.2000008       6.95877336E-03   3.04122875E-03   1.00000016E-02
   16.3000011       6.95273373E-03   3.04726860E-03   1.00000026E-02
   16.3999996       6.94675464E-03   3.05324793E-03   1.00000026E-02
   16.5000000       6.94083516E-03   3.05916718E-03   1.00000026E-02
   16.6000004       6.93497481E-03   3.06502730E-03   1.00000016E-02
   16.7000008       6.92917313E-03   3.07082897E-03   1.00000016E-02
   16.8000011       6.92342920E-03   3.07657267E-03   1.00000016E-02
   16.8999996       6.91774255E-03   3.08225933E-03   1.00000016E-02
   17.0000000       6.91211224E-03   3.08788940E-03   1.00000016E-02
   17.1000004       6.90653780E-03   3.09346360E-03   1.00000016E-02
   17.2000008       6.90101879E-03   3.09898262E-03   1.00000016E-02
   17.3000011       6.89555425E-03   3.10444715E-03   1.00000016E-02
   17.3999996       6.89014373E-03   3.10985767E-03   1.00000016E-02
   17.5000000       6.88478677E-03   3.11521487E-03   1.00000016E-02
   17.6000004       6.87948242E-03   3.12051922E-03   1.00000016E-02
   17.7000008       6.87423022E-03   3.12577165E-03   1.00000016E-02
   17.8000011       6.86902925E-03   3.13097239E-03   1.00000016E-02
   17.8999996       6.86387951E-03   3.13612213E-03   1.00000016E-02
   18.0000000       6.85878005E-03   3.14122159E-03   1.00000016E-02
   18.1000004       6.85373042E-03   3.14627122E-03   1.00000016E-02
   18.2000008       6.84873015E-03   3.15127149E-03   1.00000016E-02
   18.3000011       6.84377830E-03   3.15622310E-03   1.00000016E-02
   18.3999996       6.83887489E-03   3.16112651E-03   1.00000016E-02
   18.5000000       6.83401898E-03   3.16598243E-03   1.00000016E-02
   18.6000004       6.82921009E-03   3.17079108E-03   1.00000016E-02
   18.7000008       6.82444777E-03   3.17555317E-03   1.00000007E-02
   18.8000011       6.81973156E-03   3.18026915E-03   1.00000007E-02
   18.8999996       6.81506097E-03   3.18493973E-03   1.00000007E-02
   19.0000000       6.81043556E-03   3.18956515E-03   1.00000007E-02
   19.1000004       6.80585485E-03   3.19414609E-03   1.00000007E-02
   19.2000008       6.80131791E-03   3.19868303E-03   1.00000007E-02
   19.3000011       6.79682475E-03   3.20317619E-03   1.00000007E-02
   19.3999996       6.79237442E-03   3.20762629E-03   1.00000007E-02
   19.5000000       6.78796694E-03   3.21203377E-03   1.00000007E-02
   19.6000004       6.78360183E-03   3.21639911E-03   1.00000007E-02
   19.7000008       6.77927816E-03   3.22072278E-03   1.00000007E-02
   19.8000011       6.77499594E-03   3.22500500E-03   1.00000007E-02
   19.8999996       6.77075423E-03   3.22924647E-03   1.00000007E-02
   20.0000000       6.76655304E-03   3.23344767E-03   1.00000007E-02
   20.1000004       6.76239189E-03   3.23760882E-03   1.00000007E-02
   20.2000008       6.75827032E-03   3.24173039E-03   1.00000007E-02
   20.3000011       6.75418787E-03   3.24581284E-03   1.00000007E-02
   20.3999996       6.75014406E-03   3.24985664E-03   1.00000007E-02
   20.5000000       6.74613845E-03   3.25386226E-03   1.00000007E-02
   20.6000004       6.74217055E-03   3.25782993E-03   1.00000007E-02
   20.7000008       6.73824036E-03   3.26176011E-03   1.00000007E-02
   20.8000011       6.73434697E-03   3.26565327E-03   9.99999978E-03
   20.8999996       6.73049036E-03   3.26950988E-03   9.99999978E-03
   21.0000000       6.72667008E-03   3.27333016E-03   9.99999978E-03
   21.1000004       6.72288565E-03   3.27711459E-03   9.99999978E-03
   21.2000008       6.71913661E-03   3.28086340E-03   9.99999978E-03
   21.3000011       6.71542296E-03   3.28457705E-03   9.99999978E-03
   21.3999996       6.71174424E-03   3.28825600E-03   9.99999978E-03
   21.5000000       6.70809997E-03   3.29190050E-03   1.00000007E-02
   21.6000004       6.70448970E-03   3.29551101E-03   1.00000007E-02
   21.7000008       6.70091296E-03   3.29908775E-03   1.00000007E-02
   21.8000011       6.69736974E-03   3.30263120E-03   1.00000007E-02
   21.8999996       6.69385958E-03   3.30614159E-03   1.00000016E-02
   22.0000000       6.69038203E-03   3.30961938E-03   1.00000016E-02
   22.1000004       6.68693660E-03   3.31306481E-03   1.00000016E-02
   22.2000008       6.68352330E-03   3.31647811E-03   1.00000016E-02
   22.3000011       6.68014167E-03   3.31985974E-03   1.00000016E-02
   22.3999996       6.67679124E-03   3.32321017E-03   1.00000016E-02
   22.5000000       6.67347200E-03   3.32652940E-03   1.00000016E-02
   22.6000004       6.67018350E-03   3.32981814E-03   1.00000016E-02
   22.7000008       6.66692527E-03   3.33307637E-03   1.00000016E-02
   22.8000011       6.66369731E-03   3.33630457E-03   1.00000016E-02
   22.8999996       6.66049868E-03   3.33950296E-03   1.00000016E-02
   23.0000000       6.65732985E-03   3.34267202E-03   1.00000016E-02
   23.1000004       6.65418990E-03   3.34581174E-03   1.00000016E-02
   23.2000008       6.65107882E-03   3.34892259E-03   1.00000016E-02
   23.3000011       6.64799660E-03   3.35200503E-03   1.00000016E-02
   23.3999996       6.64494233E-03   3.35505907E-03   1.00000016E-02
   23.5000000       6.64191647E-03   3.35808517E-03   1.00000016E-02
   23.6000004       6.63891807E-03   3.36108357E-03   1.00000016E-02
   23.7000008       6.63594715E-03   3.36405449E-03   1.00000016E-02
   23.8000011       6.63300324E-03   3.36699816E-03   1.00000016E-02
   23.8999996       6.63008634E-03   3.36991507E-03   1.00000016E-02
   24.0000000       6.62719598E-03   3.37280519E-03   1.00000016E-02
   24.1000004       6.62433216E-03   3.37566901E-03   1.00000016E-02
   24.2000008       6.62149442E-03   3.37850675E-03   1.00000016E-02
   24.3000011       6.61868230E-03   3.38131865E-03   1.00000007E-02
   24.3999996       6.61589578E-03   3.38410493E-03   1.00000007E-02
   24.5000000       6.61313487E-03   3.38686607E-03   1.00000007E-02
   24.6000004       6.61039911E-03   3.38960206E-03   1.00000016E-02
   24.7000008       6.60768803E-03   3.39231314E-03   1.00000016E-02
   24.8000011       6.60500163E-03   3.39499977E-03   1.00000016E-02
   24.8999996       6.60233945E-03   3.39766196E-03   1.00000016E-02
   25.0000000       6.59970148E-03   3.40030016E-03   1.00000016E-02
   25.1000004       6.59708725E-03   3.40291439E-03   1.00000016E-02
   25.2000008       6.59449678E-03   3.40550509E-03   1.00000016E-02
   25.3000011       6.59192959E-03   3.40807228E-03   1.00000016E-02
   25.3999996       6.58938522E-03   3.41061642E-03   1.00000016E-02
   25.5000000       6.58686412E-03   3.41313775E-03   1.00000016E-02
   25.6000004       6.58436539E-03   3.41563625E-03   1.00000016E-02
   25.7000008       6.58188947E-03   3.41811217E-03   1.00000016E-02
   25.8000011       6.57943590E-03   3.42056598E-03   1.00000016E-02
   25.8999996       6.57700421E-03   3.42299766E-03   1.00000016E-02
   26.0000000       6.57459442E-03   3.42540746E-03   1.00000016E-02
   26.1000004       6.57220604E-03   3.42779583E-03   1.00000016E-02
   26.2000008       6.56983908E-03   3.43016279E-03   1.00000016E-02
   26.3000011       6.56749355E-03   3.43250856E-03   1.00000016E-02
   26.3999996       6.56516897E-03   3.43483314E-03   1.00000016E-02
   26.5000000       6.56286487E-03   3.43713700E-03   1.00000016E-02
   26.6000004       6.56058174E-03   3.43942037E-03   1.00000016E-02
   26.7000008       6.55831909E-03   3.44168325E-03   1.00000026E-02
   26.8000011       6.55607646E-03   3.44392587E-03   1.00000026E-02
   26.8999996       6.55385386E-03   3.44614848E-03   1.00000026E-02
   27.0000000       6.55165082E-03   3.44835129E-03   1.00000016E-02
   27.1000004       6.54946780E-03   3.45053454E-03   1.00000026E-02
   27.2000008       6.54730387E-03   3.45269823E-03   1.00000016E-02
   27.3000011       6.54515950E-03   3.45484284E-03   1.00000026E-02
   27.3999996       6.54303422E-03   3.45696835E-03   1.00000026E-02
   27.5000000       6.54092757E-03   3.45907500E-03   1.00000026E-02
   27.6000004       6.53883955E-03   3.46116303E-03   1.00000026E-02
   27.7000008       6.53677015E-03   3.46323242E-03   1.00000026E-02
   27.8000011       6.53471891E-03   3.46528343E-03   1.00000026E-02
   27.8999996       6.53268583E-03   3.46731627E-03   1.00000016E-02
   28.0000000       6.53067091E-03   3.46933119E-03   1.00000016E-02
   28.1000004       6.52867369E-03   3.47132818E-03   1.00000016E-02
   28.2000008       6.52669417E-03   3.47330747E-03   1.00000016E-02
   28.3000011       6.52473234E-03   3.47526930E-03   1.00000016E-02
   28.3999996       6.52278773E-03   3.47721390E-03   1.00000016E-02
   28.5000000       6.52086036E-03   3.47914128E-03   1.00000016E-02
   28.6000004       6.51894975E-03   3.48105165E-03   1.00000016E-02
   28.7000008       6.51705638E-03   3.48294526E-03   1.00000016E-02
   28.8000011       6.51517930E-03   3.48482211E-03   1.00000016E-02
   28.8999996       6.51331898E-03   3.48668243E-03   1.00000016E-02
   29.0000000       6.51147496E-03   3.48852645E-03   1.00000016E-02
   29.1000004       6.50964724E-03   3.49035417E-03   1.00000016E-02
   29.2000008       6.50783535E-03   3.49216582E-03   1.00000016E-02
   29.3000011       6.50603976E-03   3.49396165E-03   1.00000016E-02
   29.3999996       6.50425954E-03   3.49574164E-03   1.00000016E-02
   29.5000000       6.50249515E-03   3.49750603E-03   1.00000016E-02
   29.6000004       6.50074612E-03   3.49925505E-03   1.00000016E-02
   29.7000008       6.49901247E-03   3.50098871E-03   1.00000016E-02
   29.8000011       6.49729418E-03   3.50270700E-03   1.00000016E-02
   29.8999996       6.49559079E-03   3.50441039E-03   1.00000016E-02
   30.0000000       6.49390230E-03   3.50609887E-03   1.00000016E-02
   30.1000004       6.49222871E-03   3.50777246E-03   1.00000016E-02
   30.2000008       6.49056956E-03   3.50943161E-03   1.00000016E-02
   30.3000011       6.48892485E-03   3.51107609E-03   1.00000007E-02
   30.3999996       6.48729457E-03   3.51270637E-03   1.00000007E-02
   30.5000000       6.48567872E-03   3.51432245E-03   1.00000016E-02
   30.6000004       6.48407685E-03   3.51592433E-03   1.00000016E-02
   30.7000008       6.48248894E-03   3.51751223E-03   1.00000016E-02
   30.8000011       6.48091501E-03   3.51908640E-03   1.00000016E-02
   30.8999996       6.47935458E-03   3.52064683E-03   1.00000016E-02
   31.0000000       6.47780765E-03   3.52219352E-03   1.00000016E-02
   31.1000004       6.47627423E-03   3.52372695E-03   1.00000016E-02
   31.2000008       6.47475431E-03   3.52524687E-03   1.00000016E-02
   31.3000011       6.47324743E-03   3.52675351E-03   1.00000007E-02
   31.3999996       6.47175359E-03   3.52824712E-03   1.00000007E-02
   31.5000000       6.47027278E-03   3.52972792E-03   1.00000007E-02
   31.6000004       6.46880502E-03   3.53119569E-03   1.00000007E-02
   31.7000008       6.46734983E-03   3.53265088E-03   1.00000007E-02
   31.8000011       6.46590721E-03   3.53409327E-03   1.00000007E-02
   31.8999996       6.46447716E-03   3.53552331E-03   1.00000007E-02
   32.0000000       6.46305969E-03   3.53694102E-03   1.00000007E-02
   32.1000023       6.46165432E-03   3.53834638E-03   1.00000007E-02
   32.2000008       6.46026107E-03   3.53973964E-03   1.00000007E-02
   32.2999992       6.45887991E-03   3.54112079E-03   1.00000007E-02
   32.4000015       6.45751087E-03   3.54248984E-03   1.00000007E-02
   32.5000000       6.45615347E-03   3.54384724E-03   1.00000007E-02
   32.6000023       6.45480771E-03   3.54519277E-03   1.00000007E-02
   32.7000008       6.45347359E-03   3.54652666E-03   9.99999978E-03
   32.7999992       6.45215111E-03   3.54784913E-03   9.99999978E-03
   32.9000015       6.45084027E-03   3.54916020E-03   1.00000007E-02
   33.0000000       6.44954061E-03   3.55045986E-03   1.00000007E-02
   33.1000023       6.44825213E-03   3.55174835E-03   1.00000007E-02
   33.2000008       6.44697482E-03   3.55302566E-03   1.00000007E-02
   33.2999992       6.44570822E-03   3.55429202E-03   9.99999978E-03
   33.4000015       6.44445280E-03   3.55554745E-03   9.99999978E-03
   33.5000000       6.44320808E-03   3.55679216E-03   9.99999978E-03
   33.6000023       6.44197408E-03   3.55802616E-03   9.99999978E-03
   33.7000008       6.44075079E-03   3.55924945E-03   9.99999978E-03
   33.7999992       6.43953774E-03   3.56046227E-03   9.99999978E-03
   33.9000015       6.43833540E-03   3.56166461E-03   9.99999978E-03
   34.0000000       6.43714331E-03   3.56285670E-03   9.99999978E-03
   34.1000023       6.43596146E-03   3.56403855E-03   9.99999978E-03
   34.2000008       6.43478986E-03   3.56521038E-03   9.99999978E-03
   34.2999992       6.43362803E-03   3.56637198E-03   9.99999978E-03
   34.4000015       6.43247645E-03   3.56752379E-03   9.99999978E-03
   34.5000000       6.43133465E-03   3.56866559E-03   9.99999978E-03
   34.6000023       6.43020263E-03   3.56979761E-03   9.99999978E-03
   34.7000008       6.42908039E-03   3.57091986E-03   9.99999978E-03
   34.7999992       6.42796746E-03   3.57203255E-03   9.99999978E-03
   34.9000015       6.42686430E-03   3.57313571E-03   9.99999978E-03
   35.0000000       6.42577047E-03   3.57422954E-03   9.99999978E-03
   35.1000023       6.42468594E-03   3.57531384E-03   9.99999978E-03
   35.2000008       6.42361073E-03   3.57638905E-03   9.99999978E-03
   35.2999992       6.42254483E-03   3.57745495E-03   9.99999978E-03
   35.4000015       6.42148778E-03   3.57851177E-03   9.99999978E-03
   35.5000000       6.42044004E-03   3.57955950E-03   9.99999978E-03
   35.6000023       6.41940115E-03   3.58059839E-03   9.99999978E-03
   35.7000008       6.41837111E-03   3.58162844E-03   9.99999978E-03
   35.7999992       6.41734991E-03   3.58264963E-03   9.99999978E-03
   35.9000015       6.41633756E-03   3.58366221E-03   9.99999978E-03
   36.0000000       6.41533360E-03   3.58466594E-03   9.99999978E-03
   36.1000023       6.41433848E-03   3.58566130E-03   9.99999978E-03
   36.2000008       6.41335174E-03   3.58664803E-03   9.99999978E-03
   36.2999992       6.41237339E-03   3.58762639E-03   9.99999978E-03
   36.4000015       6.41140342E-03   3.58859636E-03   9.99999978E-03
   36.5000000       6.41044183E-03   3.58955818E-03   9.99999978E-03
   36.6000023       6.40948815E-03   3.59051186E-03   9.99999978E-03
   36.7000008       6.40854286E-03   3.59145738E-03   9.99999978E-03
   36.7999992       6.40760548E-03   3.59239476E-03   9.99999978E-03
   36.9000015       6.40667602E-03   3.59332422E-03   9.99999978E-03
   37.0000000       6.40575448E-03   3.59424576E-03   9.99999978E-03
   37.1000023       6.40484085E-03   3.59515939E-03   9.99999978E-03
   37.2000008       6.40393468E-03   3.59606533E-03   9.99999978E-03
   37.2999992       6.40303642E-03   3.59696359E-03   9.99999978E-03
   37.4000015       6.40214561E-03   3.59785417E-03   9.99999978E-03
   37.5000000       6.40126271E-03   3.59873730E-03   9.99999978E-03
   37.6000023       6.40038727E-03   3.59961297E-03   9.99999978E-03
   37.7000008       6.39951928E-03   3.60048120E-03   1.00000007E-02
   37.7999992       6.39865827E-03   3.60134197E-03   9.99999978E-03
   37.9000015       6.39780471E-03   3.60219553E-03   9.99999978E-03
   38.0000000       6.39695860E-03   3.60304187E-03   1.00000007E-02
   38.1000023       6.39611948E-03   3.60388099E-03   1.00000007E-02
   38.2000008       6.39528735E-03   3.60471290E-03   9.99999978E-03
   38.2999992       6.39446266E-03   3.60553782E-03   1.00000007E-02
   38.4000015       6.39364496E-03   3.60635575E-03   1.00000007E-02
   38.5000000       6.39283378E-03   3.60716670E-03   1.00000007E-02
   38.6000023       6.39202958E-03   3.60797090E-03   1.00000007E-02
   38.7000008       6.39123237E-03   3.60876834E-03   1.00000007E-02
   38.7999992       6.39044167E-03   3.60955903E-03   1.00000007E-02
   38.9000015       6.38965797E-03   3.61034297E-03   1.00000007E-02
   39.0000000       6.38888078E-03   3.61112016E-03   1.00000007E-02
   39.1000023       6.38811011E-03   3.61189083E-03   1.00000007E-02
   39.2000008       6.38734596E-03   3.61265498E-03   1.00000007E-02
   39.2999992       6.38658833E-03   3.61341261E-03   1.00000007E-02
   39.4000015       6.38583722E-03   3.61416396E-03   1.00000016E-02
   39.5000000       6.38509216E-03   3.61490902E-03   1.00000016E-02
   39.6000023       6.38435362E-03   3.61564779E-03   1.00000016E-02
   39.7000008       6.38362113E-03   3.61638027E-03   1.00000016E-02
   39.7999992       6.38289470E-03   3.61710647E-03   1.00000016E-02
   39.9000015       6.38217432E-03   3.61782662E-03   1.00000007E-02
   40.0000000       6.38146047E-03   3.61854071E-03   1.00000016E-02
   40.1000023       6.38075219E-03   3.61924875E-03   1.00000007E-02
   40.2000008       6.38004998E-03   3.61995073E-03   1.00000007E-02
   40.2999992       6.37935381E-03   3.62064689E-03   1.00000007E-02
   40.4000015       6.37866370E-03   3.62133724E-03   1.00000007E-02
   40.5000000       6.37797918E-03   3.62202176E-03   1.00000007E-02
   40.6000023       6.37730025E-03   3.62270046E-03   1.00000007E-02
   40.7000008       6.37662737E-03   3.62337357E-03   1.00000007E-02
   40.7999992       6.37596007E-03   3.62404087E-03   1.00000007E-02
   40.9000015       6.37529837E-03   3.62470257E-03   1.00000007E-02
   41.0000000       6.37464225E-03   3.62535869E-03   1.00000007E-02
   41.1000023       6.37399172E-03   3.62600922E-03   1.00000007E-02
   41.2000008       6.37334678E-03   3.62665439E-03   1.00000016E-02
   41.2999992       6.37270696E-03   3.62729421E-03   1.00000016E-02
   41.4000015       6.37207273E-03   3.62792867E-03   1.00000016E-02
   41.5000000       6.37144363E-03   3.62855778E-03   1.00000016E-02
   41.6000023       6.37082011E-03   3.62918153E-03   1.00000016E-02
   41.7000008       6.37020171E-03   3.62979993E-03   1.00000016E-02
   41.7999992       6.36958843E-03   3.63041321E-03   1.00000016E-02
   41.9000015       6.36898028E-03   3.63102136E-03   1.00000016E-02
   42.0000000       6.36837725E-03   3.63162439E-03   1.00000016E-02
   42.1000023       6.36777934E-03   3.63222230E-03   1.00000016E-02
   42.2000008       6.36718655E-03   3.63281532E-03   1.00000016E-02
   42.2999992       6.36659842E-03   3.63340322E-03   1.00000016E-02
   42.4000015       6.36601541E-03   3.63398623E-03   1.00000016E-02
   42.5000000       6.36543706E-03   3.63456435E-03   1.00000016E-02
   42.6000023       6.36486383E-03   3.63513757E-03   1.00000016E-02
   42.7000008       6.36429526E-03   3.63570615E-03   1.00000016E-02
   42.7999992       6.36373134E-03   3.63626983E-03   1.00000016E-02
   42.9000015       6.36317255E-03   3.63682886E-03   1.00000016E-02
   43.0000000       6.36261841E-03   3.63738323E-03   1.00000016E-02
   43.1000023       6.36206893E-03   3.63793294E-03   1.00000016E-02
   43.2000008       6.36152364E-03   3.63847800E-03   1.00000016E-02
   43.2999992       6.36098301E-03   3.63901840E-03   1.00000016E-02
   43.4000015       6.36044703E-03   3.63955437E-03   1.00000016E-02
   43.5000000       6.35991571E-03   3.64008592E-03   1.00000016E-02
   43.6000023       6.35938859E-03   3.64061305E-03   1.00000016E-02
   43.7000008       6.35886611E-03   3.64113576E-03   1.00000016E-02
   43.7999992       6.35834783E-03   3.64165404E-03   1.00000016E-02
   43.9000015       6.35783374E-03   3.64216790E-03   1.00000016E-02
   44.0000000       6.35732431E-03   3.64267756E-03   1.00000016E-02
   44.1000023       6.35681907E-03   3.64318280E-03   1.00000016E-02
   44.2000008       6.35631802E-03   3.64368386E-03   1.00000016E-02
   44.2999992       6.35582116E-03   3.64418072E-03   1.00000016E-02
   44.4000015       6.35532849E-03   3.64467339E-03   1.00000016E-02
   44.5000000       6.35484001E-03   3.64516210E-03   1.00000016E-02
   44.6000023       6.35435525E-03   3.64564662E-03   1.00000016E-02
   44.7000008       6.35387469E-03   3.64612718E-03   1.00000016E-02
   44.7999992       6.35339832E-03   3.64660379E-03   1.00000016E-02
   44.9000015       6.35292567E-03   3.64707620E-03   1.00000016E-02
   45.0000000       6.35245722E-03   3.64754489E-03   1.00000016E-02
   45.1000023       6.35199249E-03   3.64800962E-03   1.00000016E-02
   45.2000008       6.35153148E-03   3.64847039E-03   1.00000016E-02
   45.2999992       6.35107467E-03   3.64892744E-03   1.00000016E-02
   45.4000015       6.35062158E-03   3.64938052E-03   1.00000016E-02
   45.5000000       6.35017222E-03   3.64982989E-03   1.00000016E-02
   45.6000023       6.34972658E-03   3.65027552E-03   1.00000016E-02
   45.7000008       6.34928467E-03   3.65071744E-03   1.00000016E-02
   45.7999992       6.34884648E-03   3.65115562E-03   1.00000016E-02
   45.9000015       6.34841202E-03   3.65159009E-03   1.00000016E-02
   46.0000000       6.34798128E-03   3.65202106E-03   1.00000026E-02
   46.1000023       6.34755380E-03   3.65244830E-03   1.00000016E-02
   46.2000008       6.34713005E-03   3.65287205E-03   1.00000016E-02
   46.2999992       6.34671003E-03   3.65329231E-03   1.00000026E-02
   46.4000015       6.34629326E-03   3.65370908E-03   1.00000026E-02
   46.5000000       6.34588022E-03   3.65412235E-03   1.00000026E-02
   46.6000023       6.34547044E-03   3.65453213E-03   1.00000026E-02
   46.7000008       6.34506391E-03   3.65493842E-03   1.00000026E-02
   46.7999992       6.34466112E-03   3.65534145E-03   1.00000026E-02
   46.9000015       6.34426158E-03   3.65574099E-03   1.00000026E-02
   47.0000000       6.34386530E-03   3.65613727E-03   1.00000026E-02
   47.1000023       6.34347228E-03   3.65653029E-03   1.00000026E-02
   47.2000008       6.34308252E-03   3.65692005E-03   1.00000026E-02
   47.2999992       6.34269603E-03   3.65730654E-03   1.00000026E-02
   47.4000015       6.34231279E-03   3.65768978E-03   1.00000026E-02
   47.5000000       6.34193281E-03   3.65806976E-03   1.00000026E-02
   47.6000023       6.34155609E-03   3.65844672E-03   1.00000026E-02
   47.7000008       6.34118216E-03   3.65882041E-03   1.00000026E-02
   47.7999992       6.34081149E-03   3.65919108E-03   1.00000026E-02
   47.9000015       6.34044409E-03   3.65955872E-03   1.00000026E-02
   48.0000000       6.34007948E-03   3.65992333E-03   1.00000026E-02
   48.1000023       6.33971812E-03   3.66028491E-03   1.00000035E-02
   48.2000008       6.33935956E-03   3.66064347E-03   1.00000035E-02
   48.2999992       6.33900426E-03   3.66099901E-03   1.00000035E-02
   48.4000015       6.33865176E-03   3.66135151E-03   1.00000035E-02
   48.5000000       6.33830205E-03   3.66170122E-03   1.00000035E-02
   48.6000023       6.33795513E-03   3.66204791E-03   1.00000035E-02
   48.7000008       6.33761147E-03   3.66239180E-03   1.00000035E-02
   48.7999992       6.33727061E-03   3.66273266E-03   1.00000035E-02
   48.9000015       6.33693254E-03   3.66307073E-03   1.00000035E-02
   49.0000000       6.33659726E-03   3.66340601E-03   1.00000035E-02
   49.1000023       6.33626478E-03   3.66373849E-03   1.00000035E-02
   49.2000008       6.33593509E-03   3.66406818E-03   1.00000035E-02
   49.2999992       6.33560820E-03   3.66439531E-03   1.00000035E-02
   49.4000015       6.33528410E-03   3.66471964E-03   1.00000035E-02
   49.5000000       6.33496232E-03   3.66504118E-03   1.00000035E-02
   49.6000023       6.33464335E-03   3.66536016E-03   1.00000035E-02
   49.7000008       6.33432716E-03   3.66567657E-03   1.00000035E-02
   49.7999992       6.33401331E-03   3.66599020E-03   1.00000035E-02
   49.9000015       6.33370224E-03   3.66630126E-03   1.00000035E-02
   50.0000000       6.33339351E-03   3.66660976E-03   1.00000035E-02
   50.1000023       6.33308757E-03   3.66691570E-03   1.00000035E-02
   50.2000008       6.33278396E-03   3.66721908E-03   1.00000035E-02
   50.2999992       6.33248314E-03   3.66751989E-03   1.00000035E-02
   50.4000015       6.33218465E-03   3.66781838E-03   1.00000035E-02
   50.5000000       6.33188896E-03   3.66811431E-03   1.00000035E-02
   50.6000023       6.33159559E-03   3.66840768E-03   1.00000035E-02
   50.7000008       6.33130455E-03   3.66869872E-03   1.00000035E-02
   50.7999992       6.33101584E-03   3.66898743E-03   1.00000035E-02
   50.9000015       6.33072946E-03   3.66927357E-03   1.00000035E-02
   51.0000000       6.33044541E-03   3.66955739E-03   1.00000026E-02
   51.1000023       6.33016415E-03   3.66983889E-03   1.00000035E-02
   51.2000008       6.32988522E-03   3.67011805E-03   1.00000035E-02
   51.2999992       6.32960815E-03   3.67039489E-03   1.00000035E-02
   51.4000015       6.32933341E-03   3.67066939E-03   1.00000026E-02
   51.5000000       6.32906100E-03   3.67094157E-03   1.00000026E-02
   51.6000023       6.32879091E-03   3.67121166E-03   1.00000026E-02
   51.7000008       6.32852316E-03   3.67147941E-03   1.00000026E-02
   51.7999992       6.32825773E-03   3.67174507E-03   1.00000026E-02
   51.9000015       6.32799417E-03   3.67200840E-03   1.00000026E-02
   52.0000000       6.32773293E-03   3.67226964E-03   1.00000026E-02
   52.1000023       6.32747402E-03   3.67252855E-03   1.00000026E-02
   52.2000008       6.32721698E-03   3.67278536E-03   1.00000026E-02
   52.2999992       6.32696226E-03   3.67304008E-03   1.00000026E-02
   52.4000015       6.32670941E-03   3.67329270E-03   1.00000016E-02
   52.5000000       6.32645888E-03   3.67354322E-03   1.00000016E-02
   52.6000023       6.32621022E-03   3.67379165E-03   1.00000016E-02
   52.7000008       6.32596388E-03   3.67403799E-03   1.00000016E-02
   52.7999992       6.32571941E-03   3.67428246E-03   1.00000016E-02
   52.9000015       6.32547727E-03   3.67452484E-03   1.00000016E-02
   53.0000000       6.32523699E-03   3.67476512E-03   1.00000016E-02
   53.1000023       6.32499857E-03   3.67500354E-03   1.00000016E-02
   53.2000008       6.32476201E-03   3.67523986E-03   1.00000016E-02
   53.2999992       6.32452779E-03   3.67547432E-03   1.00000016E-02
   53.4000015       6.32429542E-03   3.67570692E-03   1.00000026E-02
   53.5000000       6.32406492E-03   3.67593742E-03   1.00000026E-02
   53.6000023       6.32383628E-03   3.67616606E-03   1.00000026E-02
   53.7000008       6.32360950E-03   3.67639284E-03   1.00000026E-02
   53.7999992       6.32338459E-03   3.67661775E-03   1.00000026E-02
   53.9000015       6.32316153E-03   3.67684080E-03   1.00000026E-02
   54.0000000       6.32294035E-03   3.67706199E-03   1.00000026E-02
   54.1000023       6.32272102E-03   3.67728132E-03   1.00000026E-02
   54.2000008       6.32250356E-03   3.67749878E-03   1.00000026E-02
   54.2999992       6.32228795E-03   3.67771462E-03   1.00000026E-02
   54.4000015       6.32207422E-03   3.67792859E-03   1.00000026E-02
   54.5000000       6.32186187E-03   3.67814070E-03   1.00000026E-02
   54.6000023       6.32165140E-03   3.67835118E-03   1.00000026E-02
   54.7000008       6.32144278E-03   3.67855979E-03   1.00000026E-02
   54.7999992       6.32123603E-03   3.67876678E-03   1.00000026E-02
   54.9000015       6.32103067E-03   3.67897213E-03   1.00000026E-02
   55.0000000       6.32082717E-03   3.67917563E-03   1.00000026E-02
   55.1000023       6.32062508E-03   3.67937749E-03   1.00000026E-02
   55.2000008       6.32042484E-03   3.67957773E-03   1.00000026E-02
   55.2999992       6.32022647E-03   3.67977633E-03   1.00000026E-02
   55.4000015       6.32002950E-03   3.67997331E-03   1.00000026E-02
   55.5000000       6.31983439E-03   3.68016865E-03   1.00000035E-02
   55.6000023       6.31964067E-03   3.68036237E-03   1.00000035E-02
   55.7000008       6.31944882E-03   3.68055445E-03   1.00000035E-02
   55.7999992       6.31925836E-03   3.68074491E-03   1.00000035E-02
   55.9000015       6.31906930E-03   3.68093373E-03   1.00000035E-02
   56.0000000       6.31888211E-03   3.68112116E-03   1.00000035E-02
   56.1000023       6.31869631E-03   3.68130696E-03   1.00000035E-02
   56.2000008       6.31851191E-03   3.68149113E-03   1.00000035E-02
   56.2999992       6.31832937E-03   3.68167390E-03   1.00000035E-02
   56.4000015       6.31814823E-03   3.68185504E-03   1.00000035E-02
   56.5000000       6.31796848E-03   3.68203479E-03   1.00000035E-02
   56.6000023       6.31779013E-03   3.68221314E-03   1.00000035E-02
   56.7000008       6.31761318E-03   3.68238986E-03   1.00000035E-02
   56.7999992       6.31743763E-03   3.68256518E-03   1.00000026E-02
   56.9000015       6.31726393E-03   3.68273910E-03   1.00000035E-02
   57.0000000       6.31709164E-03   3.68291163E-03   1.00000035E-02
   57.1000023       6.31692074E-03   3.68308276E-03   1.00000035E-02
   57.2000008       6.31675124E-03   3.68325226E-03   1.00000035E-02
   57.2999992       6.31658314E-03   3.68342036E-03   1.00000035E-02
   57.4000015       6.31641643E-03   3.68358707E-03   1.00000035E-02
   57.5000000       6.31625112E-03   3.68375261E-03   1.00000035E-02
   57.6000023       6.31608721E-03   3.68391676E-03   1.00000035E-02
   57.7000008       6.31592469E-03   3.68407951E-03   1.00000044E-02
   57.7999992       6.31576311E-03   3.68424086E-03   1.00000035E-02
   57.9000015       6.31560292E-03   3.68440081E-03   1.00000035E-02
   58.0000000       6.31544413E-03   3.68455960E-03   1.00000035E-02
   58.1000023       6.31528674E-03   3.68471700E-03   1.00000035E-02
   58.2000008       6.31513074E-03   3.68487323E-03   1.00000035E-02
   58.2999992       6.31497614E-03   3.68502806E-03   1.00000044E-02
   58.4000015       6.31482247E-03   3.68518173E-03   1.00000044E-02
   58.5000000       6.31467020E-03   3.68533400E-03   1.00000044E-02
   58.6000023       6.31451933E-03   3.68548511E-03   1.00000044E-02
   58.7000008       6.31436938E-03   3.68563482E-03   1.00000044E-02
   58.7999992       6.31422084E-03   3.68578336E-03   1.00000044E-02
   58.9000015       6.31407369E-03   3.68593074E-03   1.00000044E-02
   59.0000000       6.31392747E-03   3.68607696E-03   1.00000044E-02
   59.1000023       6.31378265E-03   3.68622178E-03   1.00000044E-02
   59.2000008       6.31363876E-03   3.68636544E-03   1.00000044E-02
   59.2999992       6.31349627E-03   3.68650793E-03   1.00000044E-02
   59.4000015       6.31335471E-03   3.68664926E-03   1.00000035E-02
   59.5000000       6.31321454E-03   3.68678942E-03   1.00000035E-02
   59.6000023       6.31307531E-03   3.68692842E-03   1.00000035E-02
   59.7000008       6.31293748E-03   3.68706626E-03   1.00000035E-02
   59.7999992       6.31280057E-03   3.68720293E-03   1.00000035E-02
   59.9000015       6.31266506E-03   3.68733867E-03   1.00000035E-02
   60.0000000       6.31253049E-03   3.68747325E-03   1.00000035E-02
   60.1000023       6.31239731E-03   3.68760666E-03   1.00000035E-02
   60.2000008       6.31226506E-03   3.68773891E-03   1.00000035E-02
   60.2999992       6.31213374E-03   3.68787022E-03   1.00000035E-02
   60.4000015       6.31200382E-03   3.68800038E-03   1.00000044E-02
   60.5000000       6.31187484E-03   3.68812936E-03   1.00000044E-02
   60.6000023       6.31174678E-03   3.68825742E-03   1.00000044E-02
   60.7000008       6.31161965E-03   3.68838431E-03   1.00000035E-02
   60.7999992       6.31149393E-03   3.68851027E-03   1.00000044E-02
   60.9000015       6.31136913E-03   3.68863507E-03   1.00000044E-02
   61.0000000       6.31124526E-03   3.68875894E-03   1.00000044E-02
   61.1000023       6.31112233E-03   3.68888164E-03   1.00000035E-02
   61.2000008       6.31100032E-03   3.68900341E-03   1.00000035E-02
   61.2999992       6.31087972E-03   3.68912425E-03   1.00000035E-02
   61.4000015       6.31076004E-03   3.68924416E-03   1.00000044E-02
   61.5000000       6.31064130E-03   3.68936290E-03   1.00000044E-02
   61.6000023       6.31052349E-03   3.68948071E-03   1.00000044E-02
   61.7000008       6.31040661E-03   3.68959759E-03   1.00000044E-02
   61.7999992       6.31029066E-03   3.68971354E-03   1.00000044E-02
   61.9000015       6.31017564E-03   3.68982856E-03   1.00000044E-02
   62.0000000       6.31006155E-03   3.68994265E-03   1.00000044E-02
   62.1000023       6.30994840E-03   3.69005580E-03   1.00000044E-02
   62.2000008       6.30983617E-03   3.69016803E-03   1.00000044E-02
   62.2999992       6.30972488E-03   3.69027932E-03   1.00000044E-02
   62.4000015       6.30961452E-03   3.69038968E-03   1.00000044E-02
   62.5000000       6.30950509E-03   3.69049911E-03   1.00000044E-02
   62.6000023       6.30939659E-03   3.69060761E-03   1.00000044E-02
   62.7000008       6.30928902E-03   3.69071518E-03   1.00000044E-02
   62.7999992       6.30918238E-03   3.69082182E-03   1.00000044E-02
   62.9000015       6.30907668E-03   3.69092752E-03   1.00000044E-02
   63.0000000       6.30897190E-03   3.69103253E-03   1.00000044E-02
   63.1000023       6.30886760E-03   3.69113660E-03   1.00000044E-02
   63.2000008       6.30876422E-03   3.69123975E-03   1.00000035E-02
   63.2999992       6.30866177E-03   3.69134219E-03   1.00000035E-02
   63.4000015       6.30856026E-03   3.69144371E-03   1.00000035E-02
   63.5000000       6.30845968E-03   3.69154429E-03   1.00000035E-02
   63.6000023       6.30836003E-03   3.69164417E-03   1.00000044E-02
   63.7000008       6.30826084E-03   3.69174313E-03   1.00000035E-02
   63.7999992       6.30816258E-03   3.69184138E-03   1.00000035E-02
   63.9000015       6.30806526E-03   3.69193871E-03   1.00000035E-02
   64.0000000       6.30796840E-03   3.69203533E-03   1.00000035E-02
   64.0999985       6.30787248E-03   3.69213126E-03   1.00000035E-02
   64.2000046       6.30777748E-03   3.69222625E-03   1.00000035E-02
   64.3000031       6.30768342E-03   3.69232055E-03   1.00000035E-02
   64.4000015       6.30758982E-03   3.69241415E-03   1.00000035E-02
   64.5000000       6.30749715E-03   3.69250681E-03   1.00000035E-02
   64.5999985       6.30740542E-03   3.69259878E-03   1.00000044E-02
   64.7000046       6.30731415E-03   3.69269005E-03   1.00000044E-02
   64.8000031       6.30722381E-03   3.69278039E-03   1.00000044E-02
   64.9000015       6.30713394E-03   3.69287003E-03   1.00000035E-02
   65.0000000       6.30704500E-03   3.69295897E-03   1.00000035E-02
   65.0999985       6.30695699E-03   3.69304721E-03   1.00000044E-02
   65.2000046       6.30686944E-03   3.69313476E-03   1.00000044E-02
   65.3000031       6.30678283E-03   3.69322160E-03   1.00000044E-02
   65.4000015       6.30669668E-03   3.69330775E-03   1.00000044E-02
   65.5000000       6.30661147E-03   3.69339320E-03   1.00000044E-02
   65.5999985       6.30652672E-03   3.69347795E-03   1.00000044E-02
   65.7000046       6.30644290E-03   3.69356200E-03   1.00000054E-02
   65.8000031       6.30635954E-03   3.69364535E-03   1.00000054E-02
   65.9000015       6.30627712E-03   3.69372801E-03   1.00000054E-02
   66.0000000       6.30619517E-03   3.69380997E-03   1.00000054E-02
   66.0999985       6.30611414E-03   3.69389122E-03   1.00000054E-02
   66.2000046       6.30603358E-03   3.69397178E-03   1.00000054E-02
   66.3000031       6.30595349E-03   3.69405164E-03   1.00000054E-02
   66.4000015       6.30587433E-03   3.69413081E-03   1.00000054E-02
   66.5000000       6.30579563E-03   3.69420950E-03   1.00000054E-02
   66.5999985       6.30571786E-03   3.69428750E-03   1.00000054E-02
   66.7000046       6.30564056E-03   3.69436480E-03   1.00000054E-02
   66.8000031       6.30556373E-03   3.69444140E-03   1.00000054E-02
   66.9000015       6.30548783E-03   3.69451754E-03   1.00000054E-02
   67.0000000       6.30541239E-03   3.69459298E-03   1.00000054E-02
   67.0999985       6.30533742E-03   3.69466771E-03   1.00000054E-02
   67.2000046       6.30526338E-03   3.69474199E-03   1.00000054E-02
   67.3000031       6.30518980E-03   3.69481556E-03   1.00000054E-02
   67.4000015       6.30511669E-03   3.69488844E-03   1.00000054E-02
   67.5000000       6.30504452E-03   3.69496085E-03   1.00000054E-02
   67.5999985       6.30497281E-03   3.69503256E-03   1.00000054E-02
   67.7000046       6.30490156E-03   3.69510381E-03   1.00000054E-02
   67.8000031       6.30483078E-03   3.69517435E-03   1.00000054E-02
   67.9000015       6.30476093E-03   3.69524444E-03   1.00000054E-02
   68.0000000       6.30469155E-03   3.69531382E-03   1.00000054E-02
   68.0999985       6.30462263E-03   3.69538274E-03   1.00000054E-02
   68.2000046       6.30455418E-03   3.69545096E-03   1.00000054E-02
   68.3000031       6.30448665E-03   3.69551871E-03   1.00000054E-02
   68.4000015       6.30441960E-03   3.69558600E-03   1.00000054E-02
   68.5000000       6.30435301E-03   3.69565259E-03   1.00000054E-02
   68.5999985       6.30428689E-03   3.69571871E-03   1.00000054E-02
   68.7000046       6.30422123E-03   3.69578414E-03   1.00000054E-02
   68.8000031       6.30415604E-03   3.69584910E-03   1.00000054E-02
   68.9000015       6.30409177E-03   3.69591359E-03   1.00000054E-02
   69.0000000       6.30402798E-03   3.69597762E-03   1.00000054E-02
   69.0999985       6.30396465E-03   3.69604095E-03   1.00000054E-02
   69.2000046       6.30390178E-03   3.69610381E-03   1.00000054E-02
   69.3000031       6.30383939E-03   3.69616621E-03   1.00000054E-02
   69.4000015       6.30377745E-03   3.69622814E-03   1.00000054E-02
   69.5000000       6.30371599E-03   3.69628938E-03   1.00000054E-02
   69.5999985       6.30365498E-03   3.69635015E-03   1.00000054E-02
   69.7000046       6.30359445E-03   3.69641045E-03   1.00000054E-02
   69.8000031       6.30353438E-03   3.69647029E-03   1.00000044E-02
   69.9000015       6.30347524E-03   3.69652966E-03   1.00000054E-02
   70.0000000       6.30341657E-03   3.69658857E-03   1.00000054E-02
   70.0999985       6.30335836E-03   3.69664701E-03   1.00000054E-02
   70.2000046       6.30330062E-03   3.69670498E-03   1.00000054E-02
   70.3000031       6.30324334E-03   3.69676249E-03   1.00000054E-02
   70.4000015       6.30318653E-03   3.69681953E-03   1.00000063E-02
   70.5000000       6.30313018E-03   3.69687611E-03   1.00000063E-02
   70.5999985       6.30307430E-03   3.69693222E-03   1.00000063E-02
   70.7000046       6.30301889E-03   3.69698787E-03   1.00000072E-02
   70.8000031       6.30296394E-03   3.69704305E-03   1.00000072E-02
   70.9000015       6.30290946E-03   3.69709777E-03   1.00000072E-02
   71.0000000       6.30285544E-03   3.69715202E-03   1.00000072E-02
   71.0999985       6.30280189E-03   3.69720580E-03   1.00000072E-02
   71.2000046       6.30274834E-03   3.69725912E-03   1.00000072E-02
   71.3000031       6.30269526E-03   3.69731197E-03   1.00000072E-02
   71.4000015       6.30264264E-03   3.69736436E-03   1.00000072E-02
   71.5000000       6.30259048E-03   3.69741628E-03   1.00000072E-02
   71.5999985       6.30253879E-03   3.69746797E-03   1.00000072E-02
   71.7000046       6.30248757E-03   3.69751919E-03   1.00000072E-02
   71.8000031       6.30243681E-03   3.69756995E-03   1.00000072E-02
   71.9000015       6.30238652E-03   3.69762024E-03   1.00000072E-02
   72.0000000       6.30233670E-03   3.69767006E-03   1.00000072E-02
   72.0999985       6.30228734E-03   3.69771966E-03   1.00000072E-02
   72.2000046       6.30223844E-03   3.69776879E-03   1.00000072E-02
   72.3000031       6.30218955E-03   3.69781745E-03   1.00000072E-02
   72.4000015       6.30214112E-03   3.69786564E-03   1.00000072E-02
   72.5000000       6.30209316E-03   3.69791361E-03   1.00000072E-02
   72.5999985       6.30204566E-03   3.69796110E-03   1.00000072E-02
   72.7000046       6.30199863E-03   3.69800813E-03   1.00000072E-02
   72.8000031       6.30195206E-03   3.69805493E-03   1.00000072E-02
   72.9000015       6.30190549E-03   3.69810127E-03   1.00000072E-02
   73.0000000       6.30185939E-03   3.69814713E-03   1.00000063E-02
   73.0999985       6.30181376E-03   3.69819277E-03   1.00000063E-02
   73.2000046       6.30176859E-03   3.69823794E-03   1.00000063E-02
   73.3000031       6.30172389E-03   3.69828288E-03   1.00000072E-02
   73.4000015       6.30167918E-03   3.69832735E-03   1.00000063E-02
   73.5000000       6.30163494E-03   3.69837135E-03   1.00000063E-02
   73.5999985       6.30159117E-03   3.69841512E-03   1.00000063E-02
   73.7000046       6.30154787E-03   3.69845843E-03   1.00000063E-02
   73.8000031       6.30150503E-03   3.69850150E-03   1.00000063E-02
   73.9000015       6.30146218E-03   3.69854411E-03   1.00000063E-02
   74.0000000       6.30141981E-03   3.69858649E-03   1.00000063E-02
   74.0999985       6.30137790E-03   3.69862840E-03   1.00000063E-02
   74.2000046       6.30133646E-03   3.69867007E-03   1.00000063E-02
   74.3000031       6.30129501E-03   3.69871128E-03   1.00000063E-02
   74.4000015       6.30125403E-03   3.69875226E-03   1.00000063E-02
   74.5000000       6.30121352E-03   3.69879277E-03   1.00000063E-02
   74.5999985       6.30117301E-03   3.69883305E-03   1.00000063E-02
   74.7000046       6.30113296E-03   3.69887310E-03   1.00000063E-02
   74.8000031       6.30109338E-03   3.69891268E-03   1.00000063E-02
   74.9000015       6.30105427E-03   3.69895203E-03   1.00000063E-02
   75.0000000       6.30101515E-03   3.69899091E-03   1.00000063E-02
   75.0999985       6.30097650E-03   3.69902956E-03   1.00000063E-02
   75.2000046       6.30093832E-03   3.69906798E-03   1.00000063E-02
   75.3000031       6.30090013E-03   3.69910593E-03   1.00000063E-02
   75.4000015       6.30086241E-03   3.69914365E-03   1.00000063E-02
   75.5000000       6.30082516E-03   3.69918114E-03   1.00000063E-02
   75.5999985       6.30078791E-03   3.69921816E-03   1.00000063E-02
   75.7000046       6.30075112E-03   3.69925494E-03   1.00000063E-02
   75.8000031       6.30071480E-03   3.69929150E-03   1.00000063E-02
   75.9000015       6.30067848E-03   3.69932759E-03   1.00000063E-02
   76.0000000       6.30064262E-03   3.69936344E-03   1.00000063E-02
   76.0999985       6.30060723E-03   3.69939907E-03   1.00000063E-02
   76.2000046       6.30057184E-03   3.69943446E-03   1.00000063E-02
   76.3000031       6.30053692E-03   3.69946938E-03   1.00000063E-02
   76.4000015       6.30050199E-03   3.69950407E-03   1.00000063E-02
   76.5000000       6.30046753E-03   3.69953853E-03   1.00000063E-02
   76.5999985       6.30043354E-03   3.69957276E-03   1.00000063E-02
   76.7000046       6.30039955E-03   3.69960675E-03   1.00000063E-02
   76.8000031       6.30036602E-03   3.69964028E-03   1.00000063E-02
   76.9000015       6.30033249E-03   3.69967357E-03   1.00000063E-02
   77.0000000       6.30029943E-03   3.69970663E-03   1.00000063E-02
   77.0999985       6.30026683E-03   3.69973946E-03   1.00000063E-02
   77.2000046       6.30023424E-03   3.69977206E-03   1.00000063E-02
   77.3000031       6.30020211E-03   3.69980442E-03   1.00000063E-02
   77.4000015       6.30016997E-03   3.69983632E-03   1.00000063E-02
   77.5000000       6.30013831E-03   3.69986799E-03   1.00000063E-02
   77.5999985       6.30010664E-03   3.69989942E-03   1.00000063E-02
   77.7000046       6.30007545E-03   3.69993062E-03   1.00000063E-02
   77.8000031       6.30004471E-03   3.69996158E-03   1.00000063E-02
   77.9000015       6.30001398E-03   3.69999232E-03   1.00000063E-02
   78.0000000       6.29998371E-03   3.70002282E-03   1.00000063E-02
   78.0999985       6.29995344E-03   3.70005309E-03   1.00000063E-02
   78.2000046       6.29992364E-03   3.70008312E-03   1.00000072E-02
   78.3000031       6.29989384E-03   3.70011292E-03   1.00000072E-02
   78.4000015       6.29986450E-03   3.70014226E-03   1.00000072E-02
   78.5000000       6.29983516E-03   3.70017136E-03   1.00000063E-02
   78.5999985       6.29980629E-03   3.70020024E-03   1.00000063E-02
   78.7000046       6.29977742E-03   3.70022887E-03   1.00000063E-02
   78.8000031       6.29974902E-03   3.70025728E-03   1.00000063E-02
   78.9000015       6.29972061E-03   3.70028545E-03   1.00000063E-02
   79.0000000       6.29969267E-03   3.70031339E-03   1.00000063E-02
   79.0999985       6.29966473E-03   3.70034110E-03   1.00000054E-02
   79.2000046       6.29963726E-03   3.70036857E-03   1.00000054E-02
   79.3000031       6.29960978E-03   3.70039581E-03   1.00000054E-02
   79.4000015       6.29958278E-03   3.70042305E-03   1.00000054E-02
   79.5000000       6.29955577E-03   3.70045006E-03   1.00000054E-02
   79.5999985       6.29952922E-03   3.70047684E-03   1.00000063E-02
   79.7000046       6.29950268E-03   3.70050338E-03   1.00000063E-02
   79.8000031       6.29947660E-03   3.70052969E-03   1.00000063E-02
   79.9000015       6.29945053E-03   3.70055577E-03   1.00000063E-02
   80.0000000       6.29942492E-03   3.70058161E-03   1.00000063E-02
   80.0999985       6.29939931E-03   3.70060722E-03   1.00000063E-02
   80.2000046       6.29937369E-03   3.70063260E-03   1.00000063E-02
   80.3000031       6.29934855E-03   3.70065775E-03   1.00000063E-02
   80.4000015       6.29932340E-03   3.70068266E-03   1.00000063E-02
   80.5000000       6.29929872E-03   3.70070734E-03   1.00000063E-02
   80.5999985       6.29927404E-03   3.70073202E-03   1.00000063E-02
   80.7000046       6.29924983E-03   3.70075647E-03   1.00000063E-02
   80.8000031       6.29922561E-03   3.70078068E-03   1.00000063E-02
   80.9000015       6.29920186E-03   3.70080466E-03   1.00000063E-02
   81.0000000       6.29917812E-03   3.70082841E-03   1.00000063E-02
   81.0999985       6.29915437E-03   3.70085193E-03   1.00000063E-02
   81.2000046       6.29913108E-03   3.70087521E-03   1.00000063E-02
   81.3000031       6.29910780E-03   3.70089849E-03   1.00000063E-02
   81.4000015       6.29908498E-03   3.70092154E-03   1.00000063E-02
   81.5000000       6.29906217E-03   3.70094436E-03   1.00000063E-02
   81.5999985       6.29903935E-03   3.70096695E-03   1.00000063E-02
   81.7000046       6.29901700E-03   3.70098930E-03   1.00000063E-02
   81.8000031       6.29899465E-03   3.70101165E-03   1.00000063E-02
   81.9000015       6.29897276E-03   3.70103377E-03   1.00000063E-02
   82.0000000       6.29895087E-03   3.70105566E-03   1.00000063E-02
   82.0999985       6.29892899E-03   3.70107731E-03   1.00000063E-02
   82.2000046       6.29890757E-03   3.70109896E-03   1.00000063E-02
   82.3000031       6.29888615E-03   3.70112038E-03   1.00000063E-02
   82.4000015       6.29886519E-03   3.70114157E-03   1.00000072E-02
   82.5000000       6.29884424E-03   3.70116252E-03   1.00000072E-02
   82.5999985       6.29882328E-03   3.70118348E-03   1.00000072E-02
   82.7000046       6.29880279E-03   3.70120420E-03   1.00000072E-02
   82.8000031       6.29878230E-03   3.70122469E-03   1.00000072E-02
   82.9000015       6.29876181E-03   3.70124495E-03   1.00000072E-02
   83.0000000       6.29874179E-03   3.70126520E-03   1.00000072E-02
   83.0999985       6.29872177E-03   3.70128523E-03   1.00000072E-02
   83.2000046       6.29870174E-03   3.70130502E-03   1.00000072E-02
   83.3000031       6.29868219E-03   3.70132457E-03   1.00000072E-02
   83.4000015       6.29866263E-03   3.70134413E-03   1.00000072E-02
   83.5000000       6.29864307E-03   3.70136346E-03   1.00000063E-02
   83.5999985       6.29862398E-03   3.70138255E-03   1.00000063E-02
   83.7000046       6.29860489E-03   3.70140164E-03   1.00000063E-02
   83.8000031       6.29858579E-03   3.70142050E-03   1.00000063E-02
   83.9000015       6.29856717E-03   3.70143913E-03   1.00000063E-02
   84.0000000       6.29854854E-03   3.70145775E-03   1.00000063E-02
   84.0999985       6.29852992E-03   3.70147615E-03   1.00000063E-02
   84.2000046       6.29851175E-03   3.70149431E-03   1.00000063E-02
   84.3000031       6.29849359E-03   3.70151247E-03   1.00000063E-02
   84.4000015       6.29847543E-03   3.70153040E-03   1.00000054E-02
   84.5000000       6.29845774E-03   3.70154832E-03   1.00000063E-02
   84.5999985       6.29844004E-03   3.70156602E-03   1.00000063E-02
   84.7000046       6.29842235E-03   3.70158348E-03   1.00000054E-02
   84.8000031       6.29840512E-03   3.70160094E-03   1.00000063E-02
   84.9000015       6.29838789E-03   3.70161817E-03   1.00000063E-02
   85.0000000       6.29837066E-03   3.70163517E-03   1.00000054E-02
   85.0999985       6.29835390E-03   3.70165217E-03   1.00000063E-02
   85.2000046       6.29833713E-03   3.70166893E-03   1.00000063E-02
   85.3000031       6.29832037E-03   3.70168569E-03   1.00000063E-02
   85.4000015       6.29830360E-03   3.70170223E-03   1.00000054E-02
   85.5000000       6.29828731E-03   3.70171852E-03   1.00000054E-02
   85.5999985       6.29827101E-03   3.70173482E-03   1.00000054E-02
   85.7000046       6.29825471E-03   3.70175089E-03   1.00000054E-02
   85.8000031       6.29823888E-03   3.70176695E-03   1.00000054E-02
   85.9000015       6.29822304E-03   3.70178279E-03   1.00000054E-02
   86.0000000       6.29820721E-03   3.70179862E-03   1.00000054E-02
   86.0999985       6.29819138E-03   3.70181422E-03   1.00000054E-02
   86.2000046       6.29817601E-03   3.70182982E-03   1.00000054E-02
   86.3000031       6.29816065E-03   3.70184518E-03   1.00000054E-02
   86.4000015       6.29814528E-03   3.70186032E-03   1.00000054E-02
   86.5000000       6.29813038E-03   3.70187545E-03   1.00000054E-02
   86.5999985       6.29811548E-03   3.70189035E-03   1.00000054E-02
   86.7000046       6.29810058E-03   3.70190525E-03   1.00000054E-02
   86.8000031       6.29808567E-03   3.70191992E-03   1.00000054E-02
   86.9000015       6.29807124E-03   3.70193459E-03   1.00000054E-02
   87.0000000       6.29805680E-03   3.70194903E-03   1.00000054E-02
   87.0999985       6.29804237E-03   3.70196346E-03   1.00000054E-02
   87.2000046       6.29802793E-03   3.70197766E-03   1.00000054E-02
   87.3000031       6.29801396E-03   3.70199187E-03   1.00000054E-02
   87.4000015       6.29799999E-03   3.70200584E-03   1.00000054E-02
   87.5000000       6.29798602E-03   3.70201981E-03   1.00000054E-02
   87.5999985       6.29797205E-03   3.70203354E-03   1.00000054E-02
   87.7000046       6.29795855E-03   3.70204728E-03   1.00000054E-02
   87.8000031       6.29794504E-03   3.70206079E-03   1.00000054E-02
   87.9000015       6.29793154E-03   3.70207429E-03   1.00000054E-02
   88.0000000       6.29791804E-03   3.70208756E-03   1.00000054E-02
   88.0999985       6.29790500E-03   3.70210083E-03   1.00000054E-02
   88.2000046       6.29789196E-03   3.70211387E-03   1.00000054E-02
   88.3000031       6.29787892E-03   3.70212691E-03   1.00000054E-02
   88.4000015       6.29786588E-03   3.70213995E-03   1.00000054E-02
   88.5000000       6.29785284E-03   3.70215275E-03   1.00000054E-02
   88.5999985       6.29784027E-03   3.70216556E-03   1.00000054E-02
   88.7000046       6.29782770E-03   3.70217813E-03   1.00000054E-02
   88.8000031       6.29781513E-03   3.70219070E-03   1.00000054E-02
   88.9000015       6.29780255E-03   3.70220304E-03   1.00000054E-02
   89.0000000       6.29779045E-03   3.70221538E-03   1.00000054E-02
   89.0999985       6.29777834E-03   3.70222749E-03   1.00000054E-02
   89.2000046       6.29776623E-03   3.70223960E-03   1.00000054E-02
   89.3000031       6.29775412E-03   3.70225171E-03   1.00000054E-02
   89.4000015       6.29774202E-03   3.70226358E-03   1.00000054E-02
   89.5000000       6.29773038E-03   3.70227545E-03   1.00000054E-02
   89.5999985       6.29771873E-03   3.70228710E-03   1.00000054E-02
   89.7000046       6.29770709E-03   3.70229874E-03   1.00000054E-02
   89.8000031       6.29769545E-03   3.70231015E-03   1.00000054E-02
   89.9000015       6.29768381E-03   3.70232156E-03   1.00000054E-02
   90.0000000       6.29767263E-03   3.70233296E-03   1.00000054E-02
   90.0999985       6.29766146E-03   3.70234414E-03   1.00000054E-02
   90.2000046       6.29765028E-03   3.70235532E-03   1.00000054E-02
   90.3000031       6.29763911E-03   3.70236626E-03   1.00000054E-02
   90.4000015       6.29762793E-03   3.70237720E-03   1.00000054E-02
   90.5000000       6.29761722E-03   3.70238815E-03   1.00000054E-02
   90.5999985       6.29760651E-03   3.70239886E-03   1.00000054E-02
   90.7000046       6.29759580E-03   3.70240957E-03   1.00000054E-02
   90.8000031       6.29758509E-03   3.70242028E-03   1.00000054E-02
   90.9000015       6.29757438E-03   3.70243075E-03   1.00000054E-02
   91.0000000       6.29756413E-03   3.70244123E-03   1.00000054E-02
   91.0999985       6.29755389E-03   3.70245147E-03   1.00000054E-02
   91.2000046       6.29754364E-03   3.70246172E-03   1.00000054E-02
   91.3000031       6.29753340E-03   3.70247196E-03   1.00000054E-02
   91.4000015       6.29752316E-03   3.70248198E-03   1.00000054E-02
   91.5000000       6.29751291E-03   3.70249199E-03   1.00000054E-02
   91.5999985       6.29750313E-03   3.70250200E-03   1.00000054E-02
   91.7000046       6.29749335E-03   3.70251178E-03   1.00000054E-02
   91.8000031       6.29748357E-03   3.70252156E-03   1.00000054E-02
   91.9000015       6.29747380E-03   3.70253134E-03   1.00000054E-02
   92.0000000       6.29746402E-03   3.70254088E-03   1.00000054E-02
   92.0999985       6.29745470E-03   3.70255043E-03   1.00000054E-02
   92.2000046       6.29744539E-03   3.70255997E-03   1.00000054E-02
   92.3000031       6.29743608E-03   3.70256929E-03   1.00000054E-02
   92.4000015       6.29742676E-03   3.70257860E-03   1.00000054E-02
   92.5000000       6.29741745E-03   3.70258791E-03   1.00000054E-02
   92.5999985       6.29740814E-03   3.70259699E-03   1.00000054E-02
   92.7000046       6.29739929E-03   3.70260607E-03   1.00000054E-02
   92.8000031       6.29739044E-03   3.70261515E-03   1.00000054E-02
   92.9000015       6.29738159E-03   3.70262400E-03   1.00000054E-02
   93.0000000       6.29737275E-03   3.70263285E-03   1.00000054E-02
   93.0999985       6.29736390E-03   3.70264170E-03   1.00000054E-02
   93.2000046       6.29735505E-03   3.70265031E-03   1.00000054E-02
   93.3000031       6.29734620E-03   3.70265893E-03   1.00000054E-02
   93.4000015       6.29733782E-03   3.70266754E-03   1.00000054E-02
   93.5000000       6.29732944E-03   3.70267592E-03   1.00000054E-02
   93.5999985       6.29732106E-03   3.70268431E-03   1.00000054E-02
   93.7000046       6.29731268E-03   3.70269269E-03   1.00000054E-02
   93.8000031       6.29730430E-03   3.70270107E-03   1.00000054E-02
   93.9000015       6.29729591E-03   3.70270922E-03   1.00000054E-02
   94.0000000       6.29728753E-03   3.70271737E-03   1.00000054E-02
   94.0999985       6.29727961E-03   3.70272552E-03   1.00000054E-02
   94.2000046       6.29727170E-03   3.70273343E-03   1.00000054E-02
   94.3000031       6.29726378E-03   3.70274135E-03   1.00000054E-02
   94.4000015       6.29725587E-03   3.70274927E-03   1.00000054E-02
   94.5000000       6.29724795E-03   3.70275718E-03   1.00000054E-02
   94.5999985       6.29724003E-03   3.70276487E-03   1.00000054E-02
   94.7000046       6.29723212E-03   3.70277255E-03   1.00000044E-02
   94.8000031       6.29722467E-03   3.70278023E-03   1.00000054E-02
   94.9000015       6.29721722E-03   3.70278792E-03   1.00000054E-02
   95.0000000       6.29720977E-03   3.70279537E-03   1.00000054E-02
   95.0999985       6.29720232E-03   3.70280282E-03   1.00000054E-02
   95.2000046       6.29719486E-03   3.70281027E-03   1.00000054E-02
   95.3000031       6.29718741E-03   3.70281748E-03   1.00000054E-02
   95.4000015       6.29717996E-03   3.70282470E-03   1.00000044E-02
   95.5000000       6.29717298E-03   3.70283192E-03   1.00000054E-02
   95.5999985       6.29716599E-03   3.70283914E-03   1.00000054E-02
   95.7000046       6.29715901E-03   3.70284612E-03   1.00000054E-02
   95.8000031       6.29715202E-03   3.70285311E-03   1.00000054E-02
   95.9000015       6.29714504E-03   3.70286009E-03   1.00000054E-02
   96.0000000       6.29713805E-03   3.70286708E-03   1.00000054E-02
   96.0999985       6.29713107E-03   3.70287383E-03   1.00000054E-02
   96.2000046       6.29712408E-03   3.70288058E-03   1.00000044E-02
   96.3000031       6.29711756E-03   3.70288733E-03   1.00000054E-02
   96.4000015       6.29711105E-03   3.70289409E-03   1.00000054E-02
   96.5000000       6.29710453E-03   3.70290084E-03   1.00000054E-02
   96.5999985       6.29709801E-03   3.70290736E-03   1.00000054E-02
   96.7000046       6.29709149E-03   3.70291388E-03   1.00000054E-02
   96.8000031       6.29708497E-03   3.70292040E-03   1.00000054E-02
   96.9000015       6.29707845E-03   3.70292692E-03   1.00000054E-02
   97.0000000       6.29707193E-03   3.70293320E-03   1.00000054E-02
   97.0999985       6.29706541E-03   3.70293949E-03   1.00000054E-02
   97.2000046       6.29705936E-03   3.70294577E-03   1.00000054E-02
   97.3000031       6.29705330E-03   3.70295206E-03   1.00000054E-02
   97.4000015       6.29704725E-03   3.70295811E-03   1.00000054E-02
   97.5000000       6.29704120E-03   3.70296417E-03   1.00000054E-02
   97.5999985       6.29703514E-03   3.70297022E-03   1.00000054E-02
   97.7000046       6.29702909E-03   3.70297628E-03   1.00000054E-02
   97.8000031       6.29702304E-03   3.70298233E-03   1.00000054E-02
   97.9000015       6.29701698E-03   3.70298815E-03   1.00000054E-02
   98.0000000       6.29701093E-03   3.70299397E-03   1.00000054E-02
   98.0999985       6.29700534E-03   3.70299979E-03   1.00000054E-02
   98.2000046       6.29699975E-03   3.70300561E-03   1.00000054E-02
   98.3000031       6.29699416E-03   3.70301143E-03   1.00000054E-02
   98.4000015       6.29698858E-03   3.70301702E-03   1.00000054E-02
   98.5000000       6.29698299E-03   3.70302261E-03   1.00000054E-02
   98.5999985       6.29697740E-03   3.70302820E-03   1.00000054E-02
   98.7000046       6.29697181E-03   3.70303378E-03   1.00000054E-02
   98.8000031       6.29696622E-03   3.70303937E-03   1.00000054E-02
   98.9000015       6.29696064E-03   3.70304473E-03   1.00000054E-02
   99.0000000       6.29695505E-03   3.70305008E-03   1.00000054E-02
   99.0999985       6.29694946E-03   3.70305544E-03   1.00000054E-02
   99.2000046       6.29694434E-03   3.70306079E-03   1.00000054E-02
   99.3000031       6.29693922E-03   3.70306615E-03   1.00000054E-02
   99.4000015       6.29693409E-03   3.70307127E-03   1.00000054E-02
   99.5000000       6.29692897E-03   3.70307639E-03   1.00000054E-02
   99.5999985       6.29692385E-03   3.70308151E-03   1.00000054E-02
   99.7000046       6.29691873E-03   3.70308664E-03   1.00000054E-02
   99.8000031       6.29691361E-03   3.70309176E-03   1.00000054E-02
   99.9000015       6.29690848E-03   3.70309688E-03   1.00000054E-02
   100.000000       6.29690336E-03   3.70310177E-03   1.00000054E-02
